219854
219855
219889
219920
219923
219961
220027
220088
223932
224157
229259
229260
229284
229405
229410
229440
229506
229619
234239
234776
236783
236786
236803
236863
236868
236887
237086
237138
243088
243400
250403
250715
256394
256931
261558
261783
411724
411728
411762
411832
411838
411876
412216
412277
414742
415241
428008
428012
428036
428241
428249
428279
428619
428732
431657
432784
441627
441633
441650
441752
441760
441779
442294
442346
446601
447229
486047
486675
492038
493165
497518
498017
592604
592606
592674
592710
592714
592790
592986
593068
595533
596011
626363
626365
626400
626722
626731
626786
626982
627249
632228
634017
639541
639545
639575
639794
639803
639845
640239
640424
647174
648485
670450
671761
679309
681098
698784
699262
761240
761241
761313
761467
761472
761562
761667
761843
764768
765832
778715
778716
778765
779070
779078
779155
779260
779569
784548
786295
807418
807423
807463
807546
807554
807604
808134
808267
817041
817724
829691
830374
849179
850926
863174
864238
902403
902405
902490
902524
902528
902623
902848
902942
907197
907783
919439
919441
919501
919686
919693
919777
920002
920250
927000
928248
934964
934968
935024
935090
935097
935167
935619
935773
944547
945209
972147
972809
982776
984024
999618
1000204
1118373
1118959
1124435
1125499
1129956
1130434
1199811
1201059
1208720
1210467
1228346
1228845
1269912
1270574
1289491
1291280
1303596
1304723
1335742
1336425
1346412
1347723
1363385
1364013
1429362
1429587
1466702
1467239
1494360
1494672
