303864044
304015711
304025071
304239271
304392811
304409587
313630694
313815424
314131300
314317472
322422851
322458684
322615837
323693763
324514175
330768409
331344287
332274599
362516096
362520118
362548942
364906675
364927177
364929322
445739456
445842445
445858774
446116376
446219503
446249385
465930301
474343419
474462849
478624895
482621409
483471954
486379331
505054192
505094509
509187842
509200873
509203675
578550344
578668760
578702627
579052225
579170634
579217747
588914578
588956838
589003797
589636621
607119725
607129434
607211670
607218236
615262135
617136390
619119195
641955612
693748592
693781676
693866964
693884502
694990904
695803858
703789022
703839013
703880131
703926332
705380300
708046391
713528050
713536576
713617120
713624626
716085176
717953447
731034313
732029451
734287206
743251776
748502274
757152157
951995013
952000034
952024850
954383744
954405854
954408516
1014031645
1014053882
1018146136
1018173213
1018175846
1076129677
1080032927
1080096940
1080124081
1119074465
1119127785
1119130389
1124322575
1124408558
1132981925
1132984569
1133014588
1133072988
1164074734
1164077039
1164103261
1164108212
1169197853
1169200178
1169227737
1169259041
1173865147
1173870191
1173897808
1173929025
