303864044
303864044
303864044
303864044
303864044
303864044
303864044
303864044
304015711
304015711
304392811
304392811
313815424
313815424
313815424
313815424
313815424
313815424
313815424
313815424
313815424
313815424
313815424
314317472
314317472
314317472
314317472
314317472
314317472
314317472
314317472
314317472
314317472
314317472
314317472
314317472
314317472
314317472
314317472
314317472
314317472
314317472
314317472
314317472
314317472
314317472
314317472
314317472
314317472
314317472
314317472
314317472
314317472
314317472
314317472
314317472
314317472
314317472
314317472
314317472
314317472
314317472
314317472
322615837
331344287
331344287
331344287
331344287
331344287
331344287
331344287
331344287
331344287
332113245
362520118
362520118
362520118
362520118
362520118
362520118
362520118
362520118
362520118
362520118
362520118
362520118
362520118
362520118
362520118
362520118
362520118
362520118
362520118
362520118
362548942
362548942
362548942
362548942
362548942
362548942
362548942
362548942
362548942
362548942
362548942
362548942
362548942
362548942
362548942
362548942
362548942
364927177
445842445
445842445
445842445
445842445
445842445
445842445
446172763
446172763
446172763
446172763
446219503
446219503
446219503
446219503
465930301
465930301
465930301
465930301
465930301
475999629
475999629
475999629
475999629
475999629
475999629
478479369
478479369
478479369
478479369
478479369
482488365
482488365
482488365
482488365
505054192
505054192
509200873
509200873
509200873
509200873
509203675
509203675
509203675
509203675
509203675
509203675
509203675
509203675
509203675
578613746
578613746
578613746
578668760
588896003
588896003
588896003
588896003
588896003
588896003
588896003
588896003
588896003
588896003
588896003
588896003
588896003
588896003
694914350
695727101
695727101
951966528
951966528
951995013
951995013
951995013
951995013
951995013
951995013
951995013
951995013
951995013
951995013
951995013
951995013
951995013
951995013
951995013
951995013
951995013
951995013
951995013
951995013
951995013
951995013
951995013
951995013
951995013
951995013
951995013
951995013
951995013
951995013
951995013
951995013
951995013
951995013
951995013
951995013
951995013
951995013
951995013
951995013
951995013
951995013
952000034
952000034
952000034
952000034
952000034
952000034
952000034
952000034
952000034
952000034
952024850
952024850
952024850
952024850
952024850
952024850
952024850
952024850
952024850
952024850
952024850
952024850
952024850
952024850
952024850
952024850
952024850
952024850
952024850
952024850
952024850
952024850
952024850
952024850
952024850
952024850
952024850
952024850
952024850
952024850
952024850
952024850
952024850
952024850
952024850
952024850
952024850
952024850
952024850
952024850
952024850
954352564
954352564
954352564
954352564
954352564
954408516
954408516
954408516
954408516
954408516
954408516
954408516
954408516
954408516
954408516
954408516
954408516
954408516
954408516
1014000556
1014000556
1014026680
1014053882
1014053882
1014053882
1014053882
1014053882
1014053882
1014053882
1014053882
1014053882
1014053882
1014053882
1014053882
1014053882
1014053882
1014053882
1014053882
1014053882
1014053882
1014053882
1014053882
1014053882
1014053882
1014053882
1014053882
1014053882
1014053882
1014053882
1014053882
1014053882
1014053882
1014053882
1014053882
1014053882
1014053882
1014053882
1014053882
1014053882
1014053882
1014053882
1014053882
1014053882
1014053882
1014053882
1014053882
1014053882
1014053882
1014053882
1014053882
1014053882
1014053882
1014053882
1014053882
1014053882
1014053882
1014053882
1014053882
1014053882
1014053882
1014053882
1014053882
1014053882
1014053882
1014053882
1014053882
1014053882
1014053882
1014053882
1014053882
1014053882
1014053882
1014053882
1014053882
1014053882
1014053882
1014053882
1014053882
1014053882
1014053882
1014053882
1014053882
1014053882
1014053882
1014053882
1014053882
1014053882
1014053882
1014053882
1014053882
1014053882
1014053882
1014053882
1014053882
1014053882
1014053882
1014053882
1014053882
1014053882
1014053882
1014053882
1014053882
1014053882
1014053882
1014053882
1014053882
1014053882
1014053882
1014053882
1014053882
1014053882
1014053882
1014053882
1018117605
1018117605
1018117605
1018117605
1018117605
1018117605
1018117605
1018117605
1018117605
1018117605
1018117605
1018146136
1018146136
1018146136
1018146136
1018146136
1018146136
1018146136
1018146136
1018146136
1018146136
1018146136
1018146136
1018146136
1018146136
1018146136
1018146136
1018146136
1018146136
1018146136
1018146136
1018146136
1018146136
1018146136
1018146136
1018146136
1018146136
1018146136
1018146136
1018146136
1018146136
1018146136
1018146136
1018146136
1018146136
1018146136
1018146136
1018146136
1018146136
1018146136
1018146136
1018146136
1018146136
1018146136
1018146136
1018146136
1018146136
1018146136
1018146136
1018146136
1018146136
1018146136
1018146136
1018146136
1018146136
1018146136
1018146136
1018146136
1018146136
1018146136
1018146136
1018146136
1018146136
1018146136
1018146136
1018146136
1018146136
1018146136
1018146136
1018146136
1018146136
1018146136
1018146136
1018146136
1018146136
1018146136
1018146136
1018146136
1018146136
1018146136
1018146136
1018146136
1018146136
1076038496
1076038496
1076038496
1080096940
1080096940
1080096940
1080096940
1080096940
1080096940
1080096940
1080096940
1080096940
1080096940
1080096940
1080096940
1080096940
1080096940
1080096940
1080096940
1119072079
1119072079
1119072079
1119072079
1119072079
1119072079
1119072079
1119072079
1119072079
1119072079
1119072079
1119127785
1119127785
1119127785
1119127785
1119130389
1124320125
1124320125
1124320125
1124320125
1124320125
1124320125
1124408558
1124408558
1124408558
1124408558
1124408558
1124408558
1124408558
1124408558
1124408558
1124408558
1124408558
1124408558
1124408558
1124408558
1124408558
1124408558
1132981925
1132981925
1132981925
1132981925
1132981925
1132981925
1132981925
1132981925
1132981925
1132981925
1132981925
1132981925
1132981925
1132981925
1132981925
1132981925
1132981925
1132981925
1132981925
1132981925
1132981925
1132981925
1132984569
1133014588
1133014588
1133072988
1133072988
1164074734
1164074734
1164074734
1164074734
1164074734
1164074734
1164074734
1164074734
1164074734
1164074734
1164074734
1164074734
1164074734
1164074734
1164074734
1164074734
1164074734
1164074734
1164074734
1164074734
1164074734
1164074734
1164074734
1164074734
1164074734
1164074734
1164074734
1164074734
1164074734
1164074734
1164074734
1164074734
1164074734
1164074734
1164074734
1164074734
1164074734
1164074734
1164074734
1164074734
1164074734
1164074734
1164074734
1164074734
1164074734
1164074734
1164074734
1164074734
1164074734
1164074734
1164074734
1164074734
1164074734
1164074734
1164074734
1164074734
1164074734
1164074734
1164074734
1164074734
1164074734
1164074734
1164074734
1164074734
1164074734
1164074734
1164074734
1164074734
1164074734
1164074734
1164074734
1164074734
1164074734
1164074734
1164074734
1164074734
1164074734
1164074734
1164074734
1164074734
1164074734
1164074734
1164074734
1164074734
1164074734
1164074734
1164074734
1164074734
1164074734
1164074734
1164074734
1164074734
1164074734
1164074734
1164074734
1164074734
1164074734
1164074734
1164074734
1164074734
1164074734
1164074734
1164077039
1164077039
1164077039
1164077039
1164077039
1164077039
1164077039
1164103261
1164103261
1164103261
1164103261
1164103261
1164103261
1169197853
1169197853
1169197853
1169197853
1169197853
1169197853
1169197853
1169197853
1169259041
1173865147
1173865147
1173865147
1173865147
1173865147
1173865147
1173865147
1173865147
1173865147
1173865147
1173865147
1173865147
1173865147
1173865147
1173865147
1173865147
1173865147
1173865147
1173865147
1173865147
1173865147
1173865147
1173865147
1173865147
1173865147
1173865147
1173865147
1173870191
1173870191
1173870191
1173870191
1173870191
1173870191
1173870191
1173870191
1173870191
1173870191
445739456
445739456
445739456
445858774
445858774
474343419
474343419
474343419
474343419
474343419
474343419
474343419
474343419
474343419
474343419
474343419
474343419
483471954
486281253
578550344
578550344
693866964
693866964
693866964
693866964
694826178
694826178
694826178
694826178
694826178
694826178
694826178
694826178
694826178
694826178
703789022
703789022
703789022
703789022
703926332
713536576
713536576
713536576
713536576
713536576
713536576
713536576
713536576
713536576
713536576
713536576
713536576
713624626
954383744
954383744
954383744
954383744
954383744
954383744
954383744
954383744
954383744
954383744
954383744
954383744
954383744
954383744
1014000556
1014000556
1014000556
1014000556
1014000556
1014031645
1076129677
1076129677
1076129677
1076129677
1076129677
1076129677
1076129677
1080096940
1080096940
1080096940
1080096940
1080096940
1080096940
1080096940
1080096940
1080096940
1119072079
1119072079
1119072079
1119072079
1119072079
1119072079
1119072079
1119127785
1119127785
1119127785
1119127785
1119127785
1119127785
1119127785
1124322575
1124322575
1124408558
1132981925
1132981925
1132981925
1132981925
1132981925
1132981925
1132981925
1132981925
1132981925
1132981925
1132984569
1132984569
1132984569
1169197853
1169197853
1169197853
1169197853
1169197853
1169197853
1169197853
1169197853
1169197853
1169197853
1169197853
1169197853
1169197853
1169197853
1169197853
1169197853
1169197853
1169197853
1169197853
1169197853
1169197853
1169197853
1169197853
1169197853
1169197853
1169197853
1169197853
1169197853
1169197853
1169197853
1169197853
1169197853
1169197853
1169197853
1169197853
1169197853
1169197853
1169197853
1169197853
1169200178
1169200178
1169200178
1173865147
1173865147
1173865147
1173897808
1173897808
1173897808
1173897808
1173897808
1173897808
1173897808
1173897808
1173897808
1173897808
303895457
303895457
303895457
303895457
303895457
322422851
322422851
322422851
323693763
332264991
364929322
694990904
694990904
694990904
703839013
703839013
703839013
703839013
703839013
703839013
703839013
703839013
703839013
703839013
703839013
703839013
703839013
703839013
703839013
713617120
713617120
713617120
717911894
717911894
717911894
717911894
717911894
717911894
717911894
717911894
731034313
731034313
731034313
731034313
731034313
734287206
734287206
734287206
794207361
794207361
794207361
794207361
794207361
794207361
794207361
794207361
794269464
794269464
794269464
794269464
794269464
794269464
794269464
794269464
794325642
794325642
794325642
794358480
794358480
794358480
794358480
794358480
794358480
803696062
803696062
803696062
803696062
803696062
803696062
803696062
803696062
803696062
803696062
803696062
804549991
804549991
804549991
804549991
804549991
804549991
804549991
804549991
804549991
804549991
804549991
804549991
804549991
804549991
804549991
804549991
804549991
804549991
804549991
804549991
952024850
952024850
952024850
952024850
952024850
952024850
952024850
952024850
952024850
952024850
952024850
952024850
952024850
952024850
952024850
952024850
952024850
952024850
952024850
952024850
952024850
952024850
952024850
952024850
952024850
952024850
952024850
952024850
952024850
952024850
952024850
952024850
952024850
952024850
952024850
952024850
952024850
952024850
952024850
952024850
952024850
952024850
952024850
952024850
952024850
952024850
952024850
952024850
952024850
952024850
952024850
952024850
952024850
952024850
952024850
952024850
952024850
952024850
952024850
952024850
952024850
952024850
952024850
952024850
952024850
952024850
952024850
952024850
952024850
952024850
952024850
952024850
952024850
952024850
952024850
952024850
952024850
952024850
952024850
952024850
952024850
952024850
952024850
952024850
952024850
952024850
952024850
952024850
952024850
952024850
952024850
952024850
952024850
952024850
952024850
952024850
952024850
952024850
952024850
952024850
952024850
952024850
952024850
952024850
952024850
952024850
952024850
952024850
952024850
952024850
952024850
952024850
952024850
952024850
952024850
952024850
952024850
952024850
952024850
952024850
952024850
952024850
952024850
952024850
952024850
952024850
952024850
952024850
954352564
954352564
954352564
954352564
954352564
954352564
954352564
954352564
954352564
954352564
954352564
954352564
954352564
954352564
1018146136
1018146136
1076038496
1076129677
1076129677
1076129677
1076129677
1076129677
1076129677
1076129677
1076129677
1076129677
1076129677
1080035746
1080096940
1080096940
1080096940
1080096940
1080096940
1080096940
1080096940
1080096940
1124322575
1124322575
1124322575
1124322575
1124322575
1124322575
1124322575
1124322575
1124322575
1124322575
1124322575
1124322575
1124322575
1124322575
1124322575
1124322575
1124322575
1124322575
1124322575
1124322575
1124322575
1124322575
1124322575
1124322575
1124322575
1124322575
1124322575
1124322575
1124322575
1124322575
1124322575
1124322575
1124322575
1124322575
1124322575
1124322575
1124322575
1124322575
1124322575
1124322575
1124322575
1124322575
1124322575
1124322575
1124408558
1124408558
1132981925
1132981925
1132984569
1132984569
1132984569
1132984569
1169197853
1169197853
1169197853
1169197853
1169197853
1169197853
1169197853
1169197853
1169197853
1169197853
1169197853
1169197853
1169197853
1169197853
1169197853
1169197853
1169197853
1169197853
1169197853
1169197853
1169197853
1169197853
1169197853
1169197853
1169197853
1169197853
1169197853
1169197853
1169197853
1169197853
1169197853
1169197853
1169197853
1169197853
1169197853
1169197853
1169197853
1169197853
1169197853
1169197853
1169197853
1169197853
1169197853
1169197853
1169197853
1169197853
1169197853
1169197853
1169197853
1169197853
1169197853
1169197853
1169197853
1169197853
1169197853
1169197853
1169197853
1169197853
1169197853
1169197853
1169197853
1169197853
1169197853
1169197853
1169197853
1169197853
1169197853
1169197853
1169197853
1169197853
1169197853
1169197853
1169197853
1169197853
1169197853
1169197853
1169197853
1169197853
1169197853
1169197853
1169197853
1169197853
1169197853
1169197853
1169197853
1169197853
1169197853
1169197853
1169197853
1169200178
1169200178
1169259041
1169259041
1169259041
1173865147
1173865147
1173865147
1173897808
1173897808
1173897808
1173897808
1173897808
1173897808
1173897808
1173897808
1173897808
1173897808
1173897808
1173897808
1173897808
1173897808
1173897808
1173897808
1173897808
1173897808
1173897808
1173897808
1173897808
1173897808
1173897808
1173897808
1173897808
1173897808
1173897808
1173897808
1173897808
1173897808
1173897808
1173897808
1173897808
1173897808
1173897808
1173897808
1173897808
1173897808
1173897808
1173897808
304015711
304015711
304015711
314326595
314326595
314326595
322458684
330760756
330760756
332274599
332274599
332274599
332274599
332274599
445769774
445769774
445769774
445769774
579052225
579052225
579052225
579052225
579052225
579052225
579052225
588896003
588896003
588896003
588896003
588896003
588896003
588896003
588896003
588896003
588896003
588896003
588896003
588896003
588896003
588896003
588896003
588896003
588896003
588896003
588896003
588896003
588896003
588896003
588896003
588896003
588896003
588896003
588896003
588896003
588896003
588896003
588896003
588896003
588896003
588896003
588896003
588896003
588896003
588896003
588896003
588896003
589670151
589670151
589670151
589670151
589670151
589670151
589670151
589670151
589670151
589670151
589670151
589670151
589670151
589670151
589670151
589670151
589670151
589670151
589670151
589670151
589670151
589670151
589670151
589670151
694914350
694914350
694914350
694914350
694914350
694914350
694914350
694914350
694914350
694914350
694914350
694914350
694914350
694914350
694914350
694914350
694914350
694914350
694914350
694914350
694914350
694914350
694914350
694914350
694914350
694914350
694914350
694914350
694914350
694914350
694914350
694914350
694914350
694914350
695672013
695672013
695672013
695672013
695672013
695672013
695672013
695672013
695672013
695672013
695672013
695672013
695672013
695672013
695672013
695672013
695672013
695672013
695672013
695672013
695672013
695672013
695672013
695672013
695672013
695672013
695672013
695672013
695672013
695672013
695672013
695672013
695672013
695672013
695672013
695672013
695672013
695672013
695672013
695672013
695672013
695672013
695672013
695672013
695672013
713617120
713617120
713617120
713617120
713617120
713617120
713617120
713617120
713617120
713617120
713617120
713617120
713617120
713617120
713617120
713617120
713617120
713617120
713617120
713617120
713617120
713617120
713617120
713617120
713617120
713617120
713617120
713617120
713617120
713617120
713617120
713617120
713617120
713617120
713617120
713617120
713617120
713617120
793749967
793749967
793749967
793749967
793749967
793749967
793749967
793749967
793749967
793749967
793749967
793749967
793749967
793749967
793749967
793749967
793767198
803670828
803670828
803696062
803696062
803696062
803795891
803795891
803795891
803795891
803795891
807470592
813481736
813481736
813481736
954352564
954352564
954352564
954352564
954352564
954352564
954352564
954352564
954405854
954405854
954405854
954405854
954405854
954405854
954405854
954405854
1014000556
1014000556
1014026680
1014026680
1014026680
1014026680
1014026680
1014026680
1014026680
1014026680
1014026680
1014026680
1014026680
1014026680
1018117605
1018117605
1018146136
1018146136
1018146136
1018146136
1018146136
1018146136
1076102455
1076102455
1076102455
1076102455
1076102455
1076102455
1076102455
1076102455
1076102455
1076102455
1076102455
1076102455
1076102455
1076102455
1076102455
1076102455
1076102455
1076102455
1076102455
1076102455
1076129677
1076129677
1076129677
1076129677
1076129677
1076129677
1076129677
1076129677
1080035746
1124322575
1124322575
1124350074
1124350074
1124350074
1124350074
1124350074
1124350074
1124350074
1124350074
1124350074
1124350074
1124350074
1132984569
1132984569
1132984569
1169197853
1169197853
1169197853
1169197853
1169197853
1169197853
1169197853
1169197853
1169197853
1169197853
1169197853
1169197853
1169197853
1169197853
1169197853
1169197853
1169197853
1169197853
1169197853
1169197853
1169197853
1169197853
1169197853
1169197853
1169197853
1169197853
1169197853
1169197853
1169197853
1169197853
1169197853
1169197853
1169197853
1169197853
1169197853
1169197853
1169197853
1169197853
1169197853
1169197853
1169197853
1169197853
1169200178
1169200178
1169200178
1169200178
1169200178
1169200178
1169200178
1169200178
1169200178
1169200178
1169200178
1173865147
1173865147
1173865147
1173865147
1173865147
1173865147
1173865147
1173897808
1173897808
1173897808
1173897808
1173897808
1173897808
1173897808
1173897808
1173897808
1173897808
1173897808
1173897808
1173897808
1173897808
1173897808
1173897808
445739456
445739456
694914350
694990904
694990904
694990904
694990904
695775005
695775005
703926332
707990475
707990475
707990475
707990475
707990475
707990475
713536576
713536576
713536576
713536576
716085176
716085176
716176499
716176499
716176499
732029451
732029451
793664311
793664311
793664311
793664311
793664311
793664311
793749967
793767198
803670828
803795891
803795891
807470592
817269939
817269939
817366903
823781311
823781311
823781311
823781311
823781311
823781311
826125396
954383744
954383744
954383744
1076102455
1076102455
1076102455
1076102455
1076102455
1076102455
1076102455
1076102455
1076102455
1080124081
1124350074
1124350074
1124350074
1124350074
1124350074
1124350074
1124350074
1124350074
1124350074
1124350074
1124350074
1124350074
1124350074
1124350074
1124350074
1124350074
1124350074
1124350074
1124350074
1124350074
1124350074
1124350074
1124350074
1124350074
1124408558
1132981925
1132981925
1132981925
1132981925
1132981925
1132981925
1132981925
1132981925
1132981925
1132981925
1132981925
1132981925
1132981925
1132981925
1132981925
1132981925
1132981925
1132981925
1132981925
1132981925
1132981925
1132981925
1132981925
1132981925
1132981925
1132981925
1132981925
1132981925
1132981925
1132981925
1132981925
1132981925
1132981925
1132981925
1132981925
1132981925
1132981925
1132981925
1132981925
1132981925
1133014588
1133014588
1133014588
1133014588
1133014588
1133014588
1133014588
1133014588
1133014588
1133014588
1133014588
1133014588
1133014588
1133014588
1133014588
1133014588
1133014588
1133014588
1133014588
1133014588
1133014588
1133014588
1133014588
1133014588
1133014588
1133014588
1133014588
1133014588
1133014588
1133014588
1133014588
1133014588
1133014588
1133014588
1133014588
1133014588
1133014588
1133014588
1133014588
1133014588
1133014588
1133014588
1133014588
1133014588
1133014588
1133014588
1133014588
1133014588
1133014588
1133014588
1133014588
1133014588
1133014588
1133014588
1133014588
1133014588
1133014588
1133014588
1133014588
1133014588
1133014588
1133014588
1133014588
1133014588
1133014588
1133014588
1133014588
1133014588
1133014588
1133014588
1133014588
1133014588
1133014588
1133014588
1133014588
1133014588
1133014588
1133014588
1133014588
1133014588
1133014588
1133014588
1133014588
1133014588
1133014588
1133014588
1133014588
1133014588
1133014588
1133014588
1133014588
1133014588
1133014588
1133014588
1133014588
1133014588
1133014588
1133014588
1133014588
1133014588
1164074734
1164074734
1164074734
1164074734
1164074734
1164074734
1164074734
1169197853
1169197853
1169197853
1169197853
1169197853
1169197853
1169197853
1169197853
1169197853
1169197853
1169197853
1169197853
1169197853
1169197853
1173865147
1173865147
1173865147
1173865147
1173865147
1173865147
1173865147
1173865147
1173865147
1173865147
1173865147
1173865147
1173865147
1173865147
1173865147
1173865147
1173865147
1173865147
304025071
304025071
304025071
304025071
304025071
304025071
304025071
304025071
304298028
304298028
304298028
304298028
304298028
304298028
304298028
313815424
313815424
313815424
313815424
314317472
323592614
323592614
323592614
445739456
445858774
474343419
475999629
475999629
475999629
475999629
482621409
578702627
578702627
579170634
579170634
579170634
579170634
579170634
951966528
951966528
951966528
951995013
1014031645
1076043690
1076043690
1076043690
1076043690
1076043690
1076043690
1124322575
1124322575
1124322575
1124322575
1124322575
1124322575
1124322575
1124322575
1124322575
1124322575
1124322575
1124322575
1124322575
1124322575
1124322575
1124322575
1124322575
1133014588
1133014588
1133014588
1133014588
1133014588
1133014588
1133014588
1133014588
1133014588
1133014588
1133014588
1133014588
1169227737
1169227737
1169227737
1169227737
1169227737
1169227737
1169227737
1169227737
1169227737
1169227737
1169227737
1169227737
1169227737
1169227737
1169227737
1169227737
1169227737
1169227737
1169227737
1169227737
1169227737
1169227737
1169227737
1169227737
1169227737
1169227737
1169227737
1169227737
1173865147
1173865147
1173865147
1173865147
1173865147
1173865147
1173865147
1173865147
1173865147
1173865147
1173865147
1173865147
1173865147
1173865147
1173865147
1173865147
1173865147
1173865147
1173865147
1173865147
1173865147
1173865147
1173865147
1173865147
1173865147
1173865147
1173865147
1173865147
1173865147
1173865147
1173865147
1173865147
1173865147
1173865147
1173865147
1173865147
1173865147
1173865147
1173865147
1173865147
304025071
313832179
313832179
313832179
313832179
313832179
313832179
313832179
313832179
323683918
323683918
323683918
323683918
323683918
323683918
323683918
323683918
323683918
323683918
323683918
332264991
694990904
694990904
694990904
694990904
694990904
694990904
694990904
694990904
694990904
694990904
694990904
695775005
695775005
695775005
695775005
695775005
695775005
695775005
695775005
695775005
695775005
695775005
695775005
695775005
695775005
695775005
695775005
695775005
695775005
695775005
695803858
695803858
695803858
695803858
695803858
695803858
695803858
695803858
695803858
695803858
695803858
695803858
695803858
695803858
695803858
695803858
695803858
695803858
695803858
695803858
695803858
695803858
695803858
695803858
703789022
703789022
703789022
703789022
703789022
732175484
732175484
732175484
732175484
732175484
732175484
732175484
732175484
732175484
732175484
732175484
732175484
732175484
732175484
732175484
732175484
732175484
732175484
732175484
732175484
732175484
732175484
732175484
732175484
734404850
734404850
734404850
734404850
734404850
1076102455
1076102455
1080032927
1080032927
1124350074
1124350074
1169227737
1169227737
1169227737
1169227737
1169227737
1169227737
1169227737
1169227737
1169227737
1169227737
1169227737
1169227737
1169227737
1169227737
1169227737
1169227737
1169227737
1169227737
1173865147
1173865147
1173865147
1173865147
1173865147
1173865147
1173865147
1173865147
1173865147
1173865147
1173865147
1173865147
1173865147
1173865147
1173865147
1173865147
1173865147
1173865147
323683918
323683918
323683918
323683918
323683918
323683918
323683918
323683918
323683918
323683918
323683918
323683918
323683918
323683918
323683918
323683918
323693763
323693763
323693763
323693763
445739456
445739456
475943089
475943089
475943089
475943089
475943089
475943089
694990904
694990904
694990904
694990904
695727101
695727101
695775005
695775005
695775005
695775005
695775005
695775005
695775005
695775005
695775005
695775005
695803858
695803858
695803858
695803858
695803858
695803858
695803858
695803858
695803858
695803858
695803858
695803858
695803858
695803858
695803858
695803858
703880131
703880131
703880131
703880131
703880131
703880131
703880131
703880131
703880131
703880131
732029451
732029451
732029451
732029451
732029451
732029451
732029451
732029451
732029451
732029451
732029451
732029451
732029451
732029451
732029451
732029451
732029451
732029451
732029451
732029451
732029451
732029451
793664311
793664311
793664311
793664311
793664311
793664311
794269464
794269464
794269464
794269464
954383744
954383744
1119072079
1119072079
1132981925
1164108212
445842445
446116376
446116376
446116376
446116376
446116376
446116376
446116376
446116376
446116376
446116376
446116376
465959968
465959968
465959968
465959968
465959968
475943089
475943089
475943089
475943089
475943089
475943089
475943089
475943089
475943089
475943089
475943089
475943089
475943089
475943089
475943089
475943089
475943089
475943089
475943089
475943089
478624895
478624895
478624895
478624895
478624895
478624895
478624895
478624895
478624895
478624895
478624895
478624895
478624895
478624895
478624895
478624895
483441796
483441796
483441796
483441796
483441796
483441796
483441796
483441796
483441796
483441796
483441796
483441796
483441796
483441796
483441796
483441796
483441796
483441796
483441796
483441796
483441796
483441796
486363043
486363043
694990904
694990904
705497691
734287206
734287206
1076038496
1080096940
1080096940
1080096940
1169200178
1169200178
1169200178
1173865147
1173865147
1173865147
1173865147
1173865147
313815424
322615837
322615837
322615837
322615837
322615837
578702627
589003797
589003797
589003797
589003797
589003797
609691829
609691829
609691829
609691829
609691829
609691829
609691829
609691829
609691829
609691829
609691829
609691829
609691829
609691829
609691829
609691829
609691829
609691829
609691829
609691829
609691829
609691829
609691829
609691829
609691829
609691829
609691829
609691829
609691829
609691829
609691829
609691829
609691829
609691829
609691829
609691829
609691829
609691829
609691829
609691829
609691829
609691829
609691829
609691829
609691829
609691829
611593127
611593127
611593127
611593127
611593127
611593127
611593127
611593127
611593127
611593127
611593127
611593127
611593127
611593127
611593127
611593127
611593127
693866964
693866964
694914350
694914350
695727101
695727101
695727101
695727101
703880131
708046391
708046391
708046391
708046391
708046391
708046391
708046391
708046391
708046391
708046391
708046391
708046391
708046391
708046391
708046391
708046391
708046391
708046391
708046391
708046391
708046391
708046391
708046391
708046391
708046391
708046391
708046391
708046391
708046391
708046391
708046391
708046391
708046391
708046391
717999394
717999394
717999394
717999394
717999394
717999394
717999394
717999394
734404850
734404850
734404850
734404850
734404850
734404850
734404850
734404850
734404850
734404850
734404850
734404850
734404850
734404850
734404850
734404850
734404850
734404850
734404850
734404850
734404850
734404850
793631656
793631656
952000034
954352564
1164108212
1164108212
446116376
446219503
446219503
446219503
446219503
446219503
446219503
478624895
478624895
478624895
478624895
478624895
478624895
478624895
478624895
478624895
478624895
478624895
478624895
478624895
478624895
478624895
478624895
478624895
478624895
478624895
478624895
478624895
478624895
478624895
478624895
478624895
478624895
483441796
483441796
589706126
589706126
589706126
589706126
589706126
611546292
611546292
611546292
611546292
611546292
611546292
611546292
611546292
611546292
611546292
611546292
611546292
611546292
611546292
611546292
611546292
611546292
611546292
611546292
611546292
611546292
611546292
611546292
611546292
611546292
611546292
611546292
611546292
611546292
611546292
611546292
611546292
611546292
611546292
611546292
611546292
611546292
611546292
611546292
617136390
693748592
693748592
693748592
693748592
693748592
693748592
693748592
693748592
693748592
717953447
717953447
717953447
717953447
717953447
717953447
717953447
717953447
717953447
717953447
732129424
732129424
732129424
732129424
732129424
732129424
732129424
732129424
732129424
732129424
732129424
732129424
732129424
732129424
732129424
734287206
734287206
734287206
734387373
734387373
734387373
734387373
734387373
734387373
734387373
734387373
734387373
734387373
734387373
734387373
734387373
734387373
734387373
734387373
734387373
734387373
734387373
734387373
734387373
734387373
734387373
734387373
734387373
734387373
734387373
734387373
734387373
734387373
1076038496
1080096940
1080096940
1080096940
1169200178
1169200178
465930301
465930301
465930301
465930301
465930301
465930301
465930301
465930301
465930301
465930301
465930301
465930301
465930301
465930301
465930301
465930301
465930301
465930301
465930301
465930301
465930301
465930301
465930301
588896003
588896003
588896003
693884502
693884502
693884502
694914350
694914350
694914350
694914350
694914350
694914350
694914350
694914350
694914350
694944513
694944513
694944513
694944513
694944513
694944513
694944513
694944513
694944513
694944513
694944513
694944513
694944513
694944513
694944513
694944513
694944513
694944513
694944513
694944513
694944513
694944513
694944513
695727101
695727101
695727101
695727101
695727101
695727101
695727101
695727101
695727101
695727101
695775005
695775005
695775005
695775005
695775005
695775005
695775005
695775005
695775005
695775005
695775005
695775005
705442333
705442333
705442333
705442333
705442333
716085176
716085176
716085176
716085176
716085176
716085176
716085176
716085176
1164074734
1164074734
1164074734
1164074734
1169197853
1169197853
1169197853
1169197853
1169197853
1169197853
1169197853
1169197853
1169197853
1173865147
1173865147
1173865147
1173865147
1173865147
1173865147
1173865147
1173865147
1173865147
1173865147
1173865147
1173865147
1173865147
1173865147
1173865147
1173865147
1173865147
1173865147
1173865147
1173865147
1173865147
324514175
609844244
609844244
617136390
617136390
617136390
617136390
617136390
617253075
617253075
617253075
617253075
617253075
617253075
617253075
617253075
617253075
617253075
617253075
617253075
617253075
617253075
617253075
617253075
694914350
694914350
694914350
694944513
694944513
694944513
694944513
694944513
694944513
694944513
705497691
705497691
705497691
705497691
705497691
705497691
705497691
705497691
705497691
705497691
705497691
705497691
707990475
707990475
707990475
708074861
708074861
708074861
708074861
708074861
708074861
708074861
708074861
708074861
708074861
708074861
708074861
708074861
708074861
708074861
716217636
716217636
732029451
732029451
732029451
732029451
732029451
732029451
732029451
732029451
732029451
952000034
1014026680
617136390
617253075
617253075
617253075
617253075
617253075
617253075
617253075
619223056
694914350
694914350
694914350
694914350
694914350
694914350
694914350
694914350
694914350
703880131
708074861
708074861
708074861
708074861
708074861
708074861
708074861
708074861
708074861
708074861
708074861
708074861
708074861
708074861
717911894
717911894
717911894
717953447
717953447
717953447
717999394
717999394
717999394
717999394
717999394
717999394
717999394
717999394
717999394
717999394
717999394
717999394
717999394
717999394
717999394
717999394
717999394
717999394
717999394
717999394
717999394
717999394
717999394
717999394
717999394
717999394
717999394
717999394
717999394
717999394
717999394
717999394
717999394
717999394
954383744
1164077039
1164077039
476062684
476062684
476062684
483471954
486379331
609844244
609844244
609844244
609844244
611593127
619119195
619189291
695727101
695727101
695727101
695727101
695775005
695775005
695775005
695775005
695775005
695775005
695775005
695775005
695775005
695775005
695775005
705497691
705497691
717953447
952000034
1124322575
1169197853
1169197853
1169197853
304015711
304015711
304015711
304015711
304015711
304015711
304015711
304015711
304015711
304015711
304025071
304025071
304025071
304025071
304409587
313832179
313832179
313832179
313832179
324496935
324496935
331327026
579170634
579170634
579170634
579170634
609679768
609679768
609679768
609679768
609679768
617136390
617136390
617136390
617136390
617136390
617136390
617136390
703880131
705479960
705479960
705479960
705479960
705479960
705479960
705479960
705479960
705479960
707990475
707990475
716217636
716217636
716217636
716217636
716217636
716217636
716234985
717911894
717911894
717911894
717911894
717911894
717911894
717911894
717999394
717999394
952000034
952000034
954408516
954408516
1080096940
1080096940
1124350074
1124350074
466695745
466695745
466695745
466695745
466695745
466695745
466695745
478479369
478537996
478537996
478537996
478537996
478537996
482488365
482518416
482518416
482518416
482518416
483338755
505054192
505054192
505054192
505054192
578702627
578702627
578702627
578702627
578702627
578702627
578702627
578702627
578702627
578702627
578702627
578702627
578702627
578702627
578702627
578702627
578702627
578702627
578702627
615337661
615337661
615337661
615337661
617087497
617087497
617087497
617087497
617087497
617087497
617087497
617087497
617150770
617150770
617150770
617150770
617150770
617150770
637974099
637974099
637974099
637974099
637974099
637974099
637974099
637974099
637974099
637974099
637974099
637974099
637974099
638031027
641955612
