total count: 840
0 120
1 120
2 96
3 96
4 72
5 104
6 104
7 84
8 72
9 72
10 88
11 68
12 80
13 80
14 66
15 76
16 120
17 96
18 104
19 72
20 52
21 50
22 60
23 89
24 73
25 57
26 36
27 48
28 94
29 78
30 66
31 54
32 63
33 96
34 78
35 78
36 60
37 66
38 96
39 72
40 54
41 60
42 79
43 73
44 55
45 50
46 85
47 79
48 65
49 67
50 53
51 60
52 76
53 76
54 79
55 79
56 69
57 76
58 79
59 56
60 62
61 49
62 39
63 90
64 71
65 72
66 58
67 59
68 51
69 66
70 82
71 60
72 63
73 67
74 50
75 73
76 58
77 60
78 80
79 80
80 61
81 61
82 56
83 42
84 72
85 67
86 55
87 71
88 63
89 54
90 48
91 65
92 59
93 82
94 72
95 67
96 55
97 76
98 61
99 68
100 49
101 56
102 54
103 39
104 48
105 72
106 55
107 53
108 57
109 55
110 49
111 66
112 49
113 39
114 52
115 55
116 42
117 45
118 67
119 47
120 51
121 53
122 38
123 58
124 45
125 47
126 65
127 46
128 44
129 53
130 51
131 59
132 52
133 42
134 37
135 51
136 46
137 79
138 66
139 57
140 57
141 44
142 63
143 64
144 62
145 53
146 43
147 49
148 50
149 57
150 41
151 46
152 54
153 52
154 59
155 57
156 42
157 48
158 46
159 52
160 48
161 80
162 65
163 62
164 62
165 47
166 69
167 60
168 56
169 49
170 46
171 53
172 57
173 49
174 44
175 38
176 44
177 54
178 59
179 54
180 45
181 52
182 45
183 52
184 120
185 96
186 92
187 92
188 68
189 104
190 100
191 80
192 68
193 84
194 64
195 76
196 62
197 72
198 96
199 96
200 78
201 78
202 60
203 66
204 72
205 75
206 65
207 88
208 66
209 69
210 80
211 66
212 76
213 66
214 74
215 78
216 63
217 57
218 64
219 72
220 55
221 57
222 48
223 34
224 41
225 35
226 31
227 43
228 33
229 41
230 43
231 44
232 28
233 32
234 38
235 42
236 62
237 65
238 64
239 33
240 40
241 34
242 41
243 28
244 33
245 26
246 32
247 35
248 31
249 37
250 42
251 65
252 72
253 61
254 39
255 39
256 47
257 28
258 31
259 37
260 27
261 34
262 36
263 35
264 43
265 35
266 42
267 40
268 72
269 68
270 50
271 82
272 78
273 62
274 72
275 72
276 60
277 75
278 55
279 58
280 64
281 55
282 78
283 56
284 72
285 48
286 55
287 39
288 47
289 40
290 26
291 33
292 48
293 47
294 36
295 36
296 56
297 57
298 36
299 25
300 33
301 40
302 28
303 36
304 17
305 24
306 28
307 24
308 31
309 35
310 62
311 52
312 44
313 42
314 32
315 31
316 40
317 24
318 28
319 34
320 26
321 34
322 33
323 82
324 66
325 71
326 55
327 76
328 58
329 66
330 57
331 82
332 62
333 50
334 38
335 55
336 41
337 44
338 30
339 48
340 47
341 38
342 38
343 71
344 51
345 61
346 50
347 40
348 47
349 32
350 37
351 40
352 31
353 42
354 38
355 38
356 28
357 29
358 32
359 33
360 57
361 47
362 38
363 46
364 38
365 29
366 37
367 33
368 39
369 42
370 39
371 72
372 54
373 61
374 43
375 67
376 47
377 51
378 54
379 47
380 49
381 35
382 55
383 39
384 44
385 30
386 41
387 44
388 41
389 36
390 34
391 38
392 46
393 36
394 34
395 41
396 36
397 34
398 28
399 27
400 31
401 52
402 41
403 43
404 42
405 34
406 36
407 35
408 39
409 36
410 100
411 72
412 75
413 80
414 58
415 86
416 67
417 68
418 78
419 59
420 70
421 72
422 70
423 76
424 74
425 64
426 61
427 63
428 44
429 66
430 48
431 51
432 44
433 51
434 79
435 77
436 64
437 59
438 67
439 46
440 51
441 57
442 79
443 64
444 45
445 51
446 120
447 120
448 96
449 72
450 80
451 104
452 76
453 79
454 80
455 96
456 72
457 76
458 64
459 47
460 51
461 46
462 37
463 52
464 37
465 45
466 57
467 41
468 49
469 80
470 79
471 45
472 53
473 44
474 52
475 34
476 39
477 48
478 54
479 80
480 52
481 61
482 40
483 46
484 48
485 53
486 51
487 96
488 78
489 88
490 61
491 66
492 65
493 96
494 72
495 69
496 46
497 55
498 51
499 34
500 40
501 59
502 44
503 66
504 69
505 47
506 32
507 42
508 53
509 35
510 45
511 39
512 47
513 66
514 58
515 39
516 50
517 38
518 42
519 42
520 104
521 82
522 88
523 66
524 92
525 67
526 71
527 104
528 84
529 68
530 50
531 72
532 51
533 58
534 41
535 64
536 51
537 87
538 67
539 75
540 67
541 52
542 60
543 48
544 47
545 55
546 42
547 55
548 52
549 39
550 46
551 67
552 50
553 59
554 55
555 38
556 46
557 44
558 48
559 49
560 96
561 72
562 79
563 55
564 84
565 57
566 65
567 64
568 61
569 96
570 78
571 69
572 49
573 74
574 51
575 60
576 43
577 58
578 57
579 57
580 47
581 46
582 78
583 60
584 68
585 51
586 60
587 52
588 47
589 57
590 46
591 54
592 47
593 45
594 46
595 35
596 35
597 42
598 66
599 77
600 62
601 67
602 58
603 51
604 60
605 46
606 54
607 61
608 46
609 55
610 62
611 48
612 54
613 52
614 52
615 54
616 45
617 39
618 41
619 41
620 48
621 34
622 42
623 49
624 50
625 35
626 43
627 41
628 47
629 45
630 55
631 55
632 50
633 38
634 63
635 58
636 48
637 48
638 56
639 61
640 46
641 37
642 49
643 40
644 38
645 36
646 42
647 40
648 39
649 46
650 62
651 49
652 43
653 49
654 47
655 39
656 44
657 50
658 48
659 72
660 72
661 60
662 68
663 56
664 42
665 56
666 41
667 45
668 54
669 38
670 42
671 38
672 25
673 33
674 57
675 44
676 46
677 49
678 22
679 27
680 25
681 30
682 64
683 49
684 52
685 46
686 30
687 29
688 35
689 53
690 61
691 59
692 55
693 55
694 60
695 56
696 41
697 54
698 37
699 44
700 34
701 51
702 37
703 42
704 21
705 14
706 20
707 27
708 19
709 25
710 54
711 42
712 37
713 29
714 28
715 22
716 21
717 28
718 61
719 63
720 56
721 59
722 62
723 47
724 39
725 42
726 34
727 51
728 36
729 43
730 34
731 28
732 33
733 21
734 26
735 26
736 20
737 28
738 60
739 48
740 47
741 37
742 34
743 34
744 28
745 28
746 35
747 79
748 55
749 61
750 55
751 55
752 48
753 52
754 78
755 55
756 64
757 47
758 61
759 55
760 50
761 42
762 39
763 38
764 42
765 34
766 50
767 55
768 50
769 44
770 39
771 31
772 35
773 29
774 34
775 27
776 33
777 27
778 24
779 26
780 28
781 23
782 28
783 70
784 53
785 55
786 54
787 57
788 56
789 42
790 43
791 36
792 44
793 43
794 42
795 43
796 41
797 36
798 41
799 35
800 40
801 31
802 31
803 29
804 32
805 38
806 33
807 27
808 32
809 37
810 34
811 31
812 28
813 26
814 32
815 40
816 57
817 45
818 47
819 72
820 64
821 48
822 50
823 36
824 41
825 51
826 35
827 40
828 53
829 50
830 38
831 42
832 46
833 58
834 44
835 49
836 44
837 78
838 55
839 61
840 55
841 69
842 47
843 54
844 49
845 33
846 37
847 53
848 36
849 44
850 45
851 33
852 39
853 49
854 39
855 35
856 83
857 62
858 73
859 53
860 57
861 41
862 59
863 44
864 61
865 46
866 52
867 48
868 33
869 39
870 55
871 44
872 44
873 41
874 78
875 73
876 51
877 57
878 41
879 57
880 53
881 45
882 40
883 59
884 44
885 49
886 46
887 42
888 34
889 29
890 35
891 65
892 47
893 49
894 50
895 52
896 52
897 49
898 37
899 39
900 34
901 39
902 40
903 40
904 41
905 37
906 60
907 68
908 53
909 62
910 48
911 54
912 84
913 53
914 35
915 41
916 34
917 40
918 35
919 41
920 41
921 48
922 79
923 73
924 61
925 58
926 45
927 32
928 21
929 29
930 40
931 26
932 34
933 43
934 28
935 37
936 85
937 73
938 75
939 69
940 57
941 59
942 48
943 51
944 40
945 46
946 37
947 36
948 41
949 31
950 41
951 53
952 39
953 47
954 79
955 66
956 57
957 60
958 49
959 52
960 39
961 46
962 41
963 36
964 44
965 35
966 41
967 62
968 50
969 54
970 48
971 41
972 49
973 37
974 43
975 51
976 38
977 45
978 42
979 59
980 36
981 52
982 37
983 56
984 43
985 58
986 54
987 73
988 41
989 27
990 39
991 32
992 47
993 34
994 45
995 64
996 56
997 77
998 45
999 60
1000 43
1001 60
1002 33
1003 44
1004 36
1005 48
1006 41
1007 55
1008 56
1009 73
1010 45
1011 58
1012 42
1013 55
1014 32
1015 41
1016 35
1017 45
1018 49
1019 65
1020 36
1021 48
1022 37
1023 50
1024 40
1025 51
1026 77
1027 77
1028 64
1029 54
1030 41
1031 59
1032 50
1033 51
1034 44
1035 49
1036 40
1037 82
1038 61
1039 62
1040 73
1041 60
1042 66
1043 64
1044 35
1045 36
1046 30
1047 79
1048 62
1049 72
1050 62
1051 37
1052 38
1053 26
1054 30
1055 28
1056 32
1057 35
1058 62
1059 54
1060 54
1061 36
1062 26
1063 40
1064 29
1065 59
1066 50
1067 39
1068 38
1069 29
1070 29
1071 19
1072 24
1073 28
1074 70
1075 56
1076 59
1077 39
1078 40
1079 32
1080 64
1081 55
1082 42
1083 41
1084 34
1085 34
1086 34
1087 26
1088 27
1089 30
1090 31
1091 60
1092 46
1093 49
1094 36
1095 37
1096 31
1097 51
1098 45
1099 37
1100 31
1101 35
1102 30
1103 25
1104 25
1105 29
1106 46
1107 79
1108 77
1109 48
1110 47
1111 37
1112 79
1113 53
1114 41
1115 50
1116 62
1117 64
1118 45
1119 33
1120 51
1121 36
1122 62
1123 53
1124 38
1125 41
1126 90
1127 70
1128 71
1129 53
1130 53
1131 43
1132 61
1133 48
1134 51
1135 38
1136 45
1137 82
1138 61
1139 52
1140 52
1141 44
1142 66
1143 56
1144 53
1145 43
1146 55
1147 44
1148 46
1149 43
1150 33
1151 46
1152 35
1153 42
1154 66
1155 46
1156 49
1157 49
1158 51
1159 25
1160 28
1161 65
1162 48
1163 54
1164 49
1165 30
1166 30
1167 51
1168 37
1169 41
1170 22
1171 16
1172 28
1173 21
1174 52
1175 41
1176 37
1177 26
1178 26
1179 21
1180 21
1181 56
1182 42
1183 43
1184 28
1185 27
1186 22
1187 58
1188 45
1189 47
1190 30
1191 30
1192 30
1193 26
1194 26
1195 51
1196 56
1197 50
1198 42
1199 36
1200 30
1201 27
1202 26
1203 22
1204 55
1205 54
1206 52
1207 43
1208 46
1209 40
1210 44
1211 40
1212 42
1213 30
1214 32
1215 29
1216 35
1217 28
1218 24
1219 30
1220 30
1221 27
1222 26
1223 24
1224 53
1225 36
1226 43
1227 37
1228 43
1229 53
1230 39
1231 45
1232 41
1233 42
1234 38
1235 39
1236 27
1237 33
1238 43
1239 34
1240 31
1241 55
1242 39
1243 43
1244 44
1245 44
1246 32
1247 31
1248 47
1249 37
1250 38
1251 35
1252 53
1253 35
1254 43
1255 38
1256 40
1257 41
1258 32
1259 27
1260 27
1261 45
1262 43
1263 42
1264 36
1265 40
1266 34
1267 36
1268 34
1269 33
1270 35
1271 31
1272 44
1273 31
1274 23
1275 39
1276 28
1277 40
1278 29
1279 76
1280 56
1281 42
1282 40
1283 33
1284 49
1285 39
1286 72
1287 51
1288 43
1289 41
1290 35
1291 57
1292 48
1293 44
1294 36
1295 47
1296 38
1297 40
1298 53
1299 30
1300 39
1301 44
1302 57
1303 32
1304 41
1305 30
1306 38
1307 35
1308 47
1309 43
1310 54
1311 30
1312 37
1313 29
1314 35
1315 36
1316 46
1317 33
1318 42
1319 34
1320 43
1321 76
1322 61
1323 71
1324 55
1325 41
1326 38
1327 27
1328 52
1329 26
1330 31
1331 57
1332 61
1333 36
1334 40
1335 32
1336 23
1337 18
1338 24
1339 68
1340 58
1341 63
1342 66
1343 49
1344 38
1345 41
1346 35
1347 39
1348 36
1349 28
1350 33
1351 21
1352 28
1353 27
1354 23
1355 31
1356 65
1357 66
1358 61
1359 60
1360 45
1361 43
1362 38
1363 41
1364 35
1365 55
1366 42
1367 35
1368 42
1369 34
1370 32
1371 37
1372 28
1373 33
1374 25
1375 28
1376 30
1377 26
1378 31
1379 76
1380 51
1381 37
1382 47
1383 53
1384 34
1385 37
1386 61
1387 47
1388 62
1389 45
1390 52
1391 35
1392 42
1393 59
1394 47
1395 60
1396 46
1397 57
1398 42
1399 50
1400 36
1401 47
1402 32
1403 39
1404 48
1405 45
1406 54
1407 51
1408 29
1409 29
1410 41
1411 24
1412 25
1413 20
1414 22
1415 58
1416 52
1417 45
1418 42
1419 44
1420 28
1421 27
1422 28
1423 27
1424 25
1425 25
1426 49
1427 45
1428 43
1429 39
1430 39
1431 36
1432 34
1433 28
1434 28
1435 28
1436 28
1437 25
1438 25
1439 52
1440 46
1441 37
1442 34
1443 41
1444 39
1445 39
1446 35
1447 31
1448 31
1449 47
1450 41
1451 44
1452 39
1453 34
1454 32
1455 34
1456 32
1457 43
1458 37
1459 44
1460 38
1461 39
1462 36
1463 34
1464 32
1465 29
1466 29
1467 30
1468 30
1469 45
1470 43
1471 28
1472 48
1473 37
1474 53
1475 39
1476 49
1477 39
1478 52
1479 40
1480 51
1481 38
1482 44
1483 36
1484 51
1485 31
1486 25
1487 36
1488 36
1489 28
1490 39
1491 37
1492 30
1493 44
1494 35
1495 27
1496 37
1497 38
1498 30
1499 43
1500 35
1501 30
1502 41
1503 94
1504 78
1505 82
1506 59
1507 62
1508 51
1509 57
1510 43
1511 50
1512 41
1513 40
1514 47
1515 37
1516 47
1517 89
1518 60
1519 63
1520 52
1521 59
1522 43
1523 50
1524 46
1525 40
1526 51
1527 41
1528 47
1529 65
1530 84
1531 52
1532 52
1533 68
1534 40
1535 50
1536 45
1537 56
1538 66
1539 81
1540 53
1541 64
1542 52
1543 64
1544 40
1545 48
1546 45
1547 54
1548 62
1549 46
1550 47
1551 46
1552 47
1553 39
1554 39
1555 77
1556 60
1557 47
1558 49
1559 47
1560 49
1561 40
1562 40
1563 50
1564 59
1565 58
1566 37
1567 43
1568 45
1569 38
1570 43
1571 45
1572 57
1573 53
1574 68
1575 46
1576 42
1577 53
1578 47
1579 36
1580 45
1581 41
1582 41
1583 50
1584 45
1585 56
1586 50
1587 46
1588 47
1589 40
1590 72
1591 55
1592 38
1593 42
1594 72
1595 47
1596 33
1597 54
1598 37
1599 40
1600 43
1601 42
1602 52
1603 35
1604 44
1605 33
1606 35
1607 35
1608 59
1609 44
1610 51
1611 49
1612 35
1613 38
1614 41
1615 40
1616 41
1617 38
1618 38
1619 43
1620 38
1621 33
1622 42
1623 24
1624 28
1625 24
1626 18
1627 23
1628 23
1629 28
1630 16
1631 22
1632 28
1633 38
1634 40
1635 34
1636 51
1637 35
1638 39
1639 36
1640 43
1641 32
1642 29
1643 47
1644 39
1645 36
1646 34
1647 35
1648 40
1649 36
1650 23
1651 30
1652 44
1653 32
1654 38
1655 34
1656 51
1657 26
1658 39
1659 31
1660 47
1661 49
1662 42
1663 46
1664 41
1665 67
1666 46
1667 38
1668 40
1669 40
1670 41
1671 42
1672 34
1673 35
1674 37
1675 31
1676 34
1677 20
1678 25
1679 32
1680 31
1681 21
1682 22
1683 46
1684 32
1685 34
1686 22
1687 22
1688 35
1689 22
1690 23
1691 43
1692 29
1693 21
1694 21
1695 22
1696 21
1697 32
1698 25
1699 24
1700 31
1701 21
1702 21
1703 33
1704 24
1705 26
1706 25
1707 37
1708 24
1709 30
1710 28
1711 27
1712 28
1713 21
1714 19
1715 20
1716 31
1717 31
1718 31
1719 24
1720 27
1721 24
1722 26
1723 33
1724 38
1725 32
1726 32
1727 35
1728 35
1729 36
1730 24
1731 29
1732 26
1733 33
1734 31
1735 39
1736 21
1737 24
1738 20
1739 24
1740 26
1741 25
1742 49
1743 25
1744 29
1745 28
1746 20
1747 25
1748 25
1749 29
1750 28
1751 19
1752 24
1753 45
1754 40
1755 45
1756 44
1757 42
1758 38
1759 36
1760 32
1761 29
1762 20
1763 19
1764 21
1765 20
1766 20
1767 20
1768 21
1769 21
1770 28
1771 24
1772 28
1773 26
1774 20
1775 18
1776 38
1777 39
1778 38
1779 23
1780 18
1781 25
1782 24
1783 40
1784 45
1785 45
1786 29
1787 36
1788 46
1789 61
1790 38
1791 50
1792 33
1793 34
1794 35
1795 36
1796 34
1797 40
1798 43
1799 38
1800 52
1801 31
1802 28
1803 76
1804 51
1805 35
1806 44
1807 51
1808 36
1809 39
1810 59
1811 46
1812 51
1813 39
1814 44
1815 40
1816 38
1817 41
1818 31
1819 29
1820 45
1821 36
1822 35
1823 33
1824 37
1825 26
1826 46
1827 36
1828 31
1829 45
1830 42
1831 44
1832 39
1833 40
1834 30
1835 22
1836 22
1837 34
1838 36
1839 22
1840 120
1841 96
1842 88
1843 66
1844 74
1845 64
1846 59
1847 96
1848 76
1849 78
1850 59
1851 67
1852 70
1853 73
1854 55
1855 82
1856 62
1857 63
1858 77
1859 58
1860 67
1861 58
1862 59
1863 41
1864 44
1865 47
1866 62
1867 43
1868 49
1869 52
1870 57
1871 54
1872 92
1873 68
1874 72
1875 74
1876 56
1877 78
1878 62
1879 62
1880 70
1881 53
1882 60
1883 72
1884 54
1885 56
1886 55
1887 40
1888 56
1889 42
1890 44
1891 53
1892 36
1893 40
1894 61
1895 57
1896 45
1897 44
1898 47
1899 62
1900 48
1901 52
1902 46
1903 71
1904 65
1905 47
1906 75
1907 59
1908 77
1909 57
1910 65
1911 50
1912 56
1913 64
1914 45
1915 50
1916 56
1917 59
1918 45
1919 51
1920 45
1921 51
1922 62
1923 47
1924 54
1925 68
1926 92
1927 50
1928 68
1929 56
1930 78
1931 55
1932 73
1933 38
1934 50
1935 41
1936 56
1937 42
1938 56
1939 42
1940 59
1941 47
1942 62
1943 104
1944 68
1945 71
1946 59
1947 69
1948 55
1949 41
1950 75
1951 60
1952 45
1953 55
1954 72
1955 52
1956 58
1957 54
1958 41
1959 57
1960 43
1961 48
1962 55
1963 37
1964 43
1965 56
1966 54
1967 44
1968 39
1969 57
1970 54
1971 59
1972 55
1973 57
1974 47
1975 47
1976 62
1977 51
1978 57
1979 73
1980 39
1981 49
1982 44
1983 39
1984 49
1985 41
1986 76
1987 75
1988 61
1989 60
1990 57
1991 43
1992 74
1993 59
1994 55
1995 40
1996 50
1997 60
1998 50
1999 59
2000 44
2001 56
2002 40
2003 62
2004 65
2005 50
2006 51
2007 64
2008 49
2009 48
2010 36
2011 51
2012 48
2013 73
2014 73
2015 51
2016 81
2017 63
2018 56
2019 68
2020 51
2021 65
2022 54
2023 60
2024 80
2025 100
2026 62
2027 78
2028 65
2029 79
2030 48
2031 58
2032 55
2033 67
2034 59
2035 59
2036 63
2037 63
2038 55
2039 54
2040 66
2041 78
2042 72
2043 64
2044 84
2045 60
2046 53
2047 67
2048 63
2049 54
2050 72
2051 54
2052 55
2053 54
2054 38
2055 41
2056 38
2057 69
2058 57
2059 59
2060 52
2061 48
2062 54
2063 42
2064 46
2065 53
2066 40
2067 45
2068 48
2069 72
2070 37
2071 36
2072 28
2073 21
2074 24
2075 21
2076 19
2077 24
2078 19
2079 23
2080 24
2081 18
2082 22
2083 21
2084 18
2085 19
2086 21
2087 26
2088 21
2089 23
2090 20
2091 14
2092 17
2093 17
2094 14
2095 16
2096 16
2097 15
2098 18
2099 12
2100 15
2101 17
2102 17
2103 16
2104 11
2105 14
2106 17
2107 15
2108 21
2109 37
2110 14
2111 27
2112 17
2113 32
2114 16
2115 26
2116 15
2117 27
2118 19
2119 30
2120 17
2121 28
2122 11
2123 17
2124 12
2125 20
2126 14
2127 21
2128 18
2129 27
2130 12
2131 16
2132 14
2133 18
2134 17
2135 26
2136 18
2137 27
2138 12
2139 16
2140 14
2141 18
2142 14
2143 21
2144 15
2145 22
2146 15
2147 22
2148 24
2149 24
2150 21
2151 21
2152 18
2153 18
2154 21
2155 21
2156 17
2157 17
2158 19
2159 19
2160 16
2161 18
2162 15
2163 17
2164 13
2165 15
2166 13
2167 13
2168 20
2169 22
2170 15
2171 15
2172 10
2173 11
2174 13
2175 12
2176 19
2177 18
2178 15
2179 14
2180 13
2181 13
2182 10
2183 11
2184 9
2185 10
2186 12
2187 12
2188 19
2189 17
2190 28
2191 18
2192 16
2193 29
2194 18
2195 16
2196 28
2197 11
2198 11
2199 18
2200 12
2201 12
2202 21
2203 10
2204 10
2205 18
2206 14
2207 14
2208 19
2209 12
2210 11
2211 21
2212 14
2213 12
2214 18
2215 12
2216 10
2217 19
2218 11
2219 10
2220 18
2221 58
2222 60
2223 47
2224 44
2225 48
2226 43
2227 59
2228 24
2229 36
2230 37
2231 17
2232 28
2233 29
2234 20
2235 28
2236 29
2237 18
2238 27
2239 30
2240 14
2241 19
2242 20
2243 20
2244 27
2245 28
2246 14
2247 17
2248 19
2249 17
2250 20
2251 20
2252 20
2253 27
2254 28
2255 14
2256 17
2257 19
2258 17
2259 20
2260 21
2261 23
2262 21
2263 30
2264 19
2265 27
2266 30
2267 28
2268 40
2269 14
2270 14
2271 20
2272 12
2273 18
2274 20
2275 20
2276 28
2277 17
2278 17
2279 21
2280 14
2281 18
2282 20
2283 19
2284 29
2285 17
2286 15
2287 20
2288 14
2289 19
2290 21
2291 20
2292 28
2293 62
2294 59
2295 49
2296 59
2297 48
2298 17
2299 29
2300 18
2301 31
2302 13
2303 23
2304 14
2305 25
2306 10
2307 16
2308 10
2309 16
2310 13
2311 24
2312 14
2313 25
2314 9
2315 16
2316 10
2317 16
2318 12
2319 21
2320 13
2321 22
2322 19
2323 18
2324 21
2325 18
2326 19
2327 14
2328 15
2329 16
2330 11
2331 12
2332 12
2333 9
2334 8
2335 9
2336 10
2337 10
2338 8
2339 7
2340 14
2341 12
2342 11
2343 22
2344 16
2345 14
2346 13
2347 26
2348 11
2349 12
2350 11
2351 21
2352 13
2353 11
2354 12
2355 22
2356 9
2357 10
2358 9
2359 20
2360 12
2361 11
2362 9
2363 18
2364 10
2365 10
2366 8
2367 18
2368 8
2369 9
2370 8
2371 17
2372 50
2373 49
2374 18
2375 28
2376 19
2377 30
2378 32
2379 15
2380 23
2381 16
2382 25
2383 26
2384 12
2385 17
2386 12
2387 17
2388 19
2389 15
2390 24
2391 16
2392 25
2393 26
2394 11
2395 17
2396 12
2397 17
2398 19
2399 15
2400 12
2401 22
2402 15
2403 14
2404 25
2405 12
2406 22
2407 23
2408 22
2409 30
2410 13
2411 10
2412 18
2413 13
2414 14
2415 23
2416 10
2417 20
2418 19
2419 18
2420 27
2421 13
2422 11
2423 19
2424 14
2425 12
2426 20
2427 12
2428 19
2429 20
2430 19
2431 26
2432 80
2433 64
2434 48
2435 72
2436 55
2437 38
2438 66
2439 54
2440 60
2441 47
2442 26
2443 21
2444 26
2445 21
2446 19
2447 21
2448 15
2449 21
2450 15
2451 13
2452 16
2453 15
2454 15
2455 12
2456 11
2457 11
2458 13
2459 11
2460 21
2461 19
2462 32
2463 20
2464 34
2465 14
2466 14
2467 23
2468 14
2469 23
2470 17
2471 15
2472 28
2473 16
2474 29
2475 9
2476 9
2477 18
2478 10
2479 18
2480 11
2481 10
2482 21
2483 12
2484 23
2485 20
2486 22
2487 23
2488 23
2489 13
2490 15
2491 16
2492 15
2493 10
2494 12
2495 12
2496 12
2497 8
2498 9
2499 9
2500 10
2501 15
2502 16
2503 15
2504 27
2505 16
2506 13
2507 22
2508 16
2509 13
2510 11
2511 21
2512 10
2513 11
2514 10
2515 21
2516 11
2517 8
2518 16
2519 12
2520 10
2521 7
2522 16
2523 8
2524 9
2525 8
2526 20
2527 9
2528 7
2529 16
2530 10
2531 9
2532 6
2533 16
2534 57
2535 48
2536 23
2537 23
2538 34
2539 23
2540 35
2541 37
2542 17
2543 18
2544 26
2545 17
2546 25
2547 28
2548 19
2549 19
2550 30
2551 19
2552 30
2553 33
2554 12
2555 13
2556 21
2557 13
2558 20
2559 24
2560 17
2561 19
2562 19
2563 30
2564 17
2565 16
2566 16
2567 24
2568 27
2569 18
2570 15
2571 25
2572 17
2573 14
2574 23
2575 14
2576 21
2577 25
2578 25
2579 32
2580 12
2581 14
2582 14
2583 24
2584 12
2585 13
2586 11
2587 18
2588 22
2589 14
2590 13
2591 22
2592 14
2593 10
2594 18
2595 13
2596 18
2597 22
2598 23
2599 27
2600 69
2601 45
2602 79
2603 59
2604 67
2605 51
2606 78
2607 60
2608 96
2609 72
2610 64
2611 78
2612 52
2613 51
2614 78
2615 55
2616 50
2617 48
2618 56
2619 52
2620 62
2621 43
2622 46
2623 51
2624 63
2625 24
2626 17
2627 36
2628 26
2629 37
2630 27
2631 37
2632 24
2633 19
2634 25
2635 26
2636 28
2637 18
2638 27
2639 30
2640 30
2641 14
2642 18
2643 19
2644 21
2645 20
2646 27
2647 29
2648 32
2649 14
2650 17
2651 18
2652 20
2653 20
2654 20
2655 24
2656 26
2657 22
2658 23
2659 31
2660 18
2661 30
2662 29
2663 27
2664 40
2665 32
2666 28
2667 40
2668 14
2669 16
2670 22
2671 12
2672 21
2673 20
2674 20
2675 29
2676 23
2677 21
2678 29
2679 17
2680 19
2681 24
2682 14
2683 22
2684 20
2685 20
2686 31
2687 27
2688 24
2689 34
2690 48
2691 51
2692 16
2693 19
2694 24
2695 29
2696 31
2697 18
2698 27
2699 28
2700 30
2701 29
2702 28
2703 13
2704 16
2705 19
2706 24
2707 26
2708 15
2709 22
2710 26
2711 25
2712 27
2713 26
2714 11
2715 12
2716 15
2717 17
2718 19
2719 12
2720 17
2721 22
2722 19
2723 21
2724 20
2725 14
2726 15
2727 17
2728 27
2729 11
2730 12
2731 25
2732 19
2733 22
2734 21
2735 31
2736 12
2737 21
2738 21
2739 17
2740 25
2741 24
2742 21
2743 18
2744 27
2745 12
2746 13
2747 17
2748 26
2749 9
2750 10
2751 24
2752 15
2753 18
2754 18
2755 29
2756 10
2757 22
2758 17
2759 16
2760 25
2761 20
2762 20
2763 17
2764 27
2765 20
2766 20
2767 23
2768 29
2769 34
2770 37
2771 21
2772 22
2773 32
2774 37
2775 19
2776 33
2777 34
2778 33
2779 32
2780 33
2781 44
2782 33
2783 43
2784 44
2785 15
2786 16
2787 17
2788 23
2789 25
2790 28
2791 15
2792 17
2793 25
2794 29
2795 14
2796 25
2797 26
2798 25
2799 24
2800 26
2801 34
2802 26
2803 33
2804 34
2805 15
2806 17
2807 18
2808 17
2809 19
2810 17
2811 18
2812 17
2813 28
2814 29
2815 26
2816 15
2817 14
2818 15
2819 31
2820 25
2821 22
2822 25
2823 26
2824 34
2825 17
2826 17
2827 19
2828 31
2829 16
2830 15
2831 30
2832 24
2833 24
2834 23
2835 31
2836 14
2837 15
2838 29
2839 15
2840 14
2841 24
2842 25
2843 24
2844 23
2845 20
2846 28
2847 23
2848 26
2849 27
2850 36
2851 24
2852 23
2853 22
2854 29
2855 32
2856 28
2857 24
2858 33
2859 28
2860 23
2861 31
2862 24
2863 28
2864 32
2865 29
2866 37
2867 30
2868 40
2869 48
2870 33
2871 37
2872 36
2873 48
2874 47
2875 24
2876 28
2877 42
2878 18
2879 25
2880 19
2881 29
2882 21
2883 20
2884 31
2885 22
2886 33
2887 17
2888 10
2889 12
2890 12
2891 15
2892 24
2893 20
2894 30
2895 22
2896 18
2897 31
2898 21
2899 18
2900 30
2901 15
2902 13
2903 19
2904 13
2905 11
2906 18
2907 13
2908 11
2909 18
2910 40
2911 32
2912 42
2913 42
2914 22
2915 27
2916 28
2917 27
2918 33
2919 33
2920 18
2921 25
2922 24
2923 11
2924 17
2925 16
2926 14
2927 19
2928 18
2929 30
2930 26
2931 34
2932 25
2933 30
2934 35
2935 32
2936 44
2937 17
2938 15
2939 19
2940 15
2941 14
2942 22
2943 20
2944 27
2945 6
2946 6
2947 7
2948 7
2949 7
2950 6
2951 8
2952 7
2953 6
2954 8
2955 7
2956 6
2957 8
2958 21
2959 32
2960 11
2961 18
2962 13
2963 22
2964 24
2965 20
2966 32
2967 10
2968 17
2969 12
2970 21
2971 22
2972 20
2973 31
2974 10
2975 17
2976 12
2977 20
2978 20
2979 7
2980 5
2981 12
2982 8
2983 8
2984 6
2985 15
2986 14
2987 7
2988 5
2989 12
2990 8
2991 8
2992 6
2993 15
2994 14
2995 8
2996 6
2997 12
2998 10
2999 8
3000 8
3001 15
3002 13
3003 27
3004 23
3005 39
3006 17
3007 15
3008 23
3009 20
3010 34
3011 14
3012 12
3013 6
3014 7
3015 8
3016 6
3017 4
3018 6
3019 6
3020 4
3021 4
3022 6
3023 6
3024 4
3025 26
3026 26
3027 41
3028 17
3029 16
3030 24
3031 17
3032 27
3033 29
3034 21
3035 22
3036 35
3037 14
3038 13
3039 21
3040 14
3041 23
3042 25
3043 9
3044 10
3045 8
3046 9
3047 7
3048 14
3049 9
3050 8
3051 7
3052 16
3053 16
3054 8
3055 8
3056 6
3057 6
3058 12
3059 8
3060 6
3061 7
3062 14
3063 14
3064 48
3065 34
3066 24
3067 46
3068 29
3069 46
3070 30
3071 28
3072 34
3073 34
3074 18
3075 11
3076 27
3077 17
3078 26
3079 16
3080 29
3081 16
3082 13
3083 18
3084 17
3085 20
3086 29
3087 38
3088 36
3089 37
3090 34
3091 48
3092 17
3093 22
3094 19
3095 23
3096 21
3097 29
3098 24
3099 24
3100 32
3101 19
3102 28
3103 19
3104 26
3105 33
3106 9
3107 13
3108 14
3109 20
3110 23
3111 10
3112 15
3113 19
3114 17
3115 19
3116 29
3117 19
3118 27
3119 34
3120 8
3121 12
3122 13
3123 19
3124 22
3125 9
3126 14
3127 16
3128 19
3129 10
3130 9
3131 13
3132 13
3133 9
3134 11
3135 11
3136 10
3137 13
3138 14
3139 9
3140 11
3141 12
3142 36
3143 33
3144 37
3145 34
3146 36
3147 49
3148 17
3149 19
3150 25
3151 20
3152 20
3153 24
3154 23
3155 22
3156 30
3157 24
3158 32
3159 15
3160 11
3161 13
3162 16
3163 18
3164 16
3165 14
3166 20
3167 28
3168 42
3169 20
3170 30
3171 29
3172 42
3173 21
3174 29
3175 19
3176 12
3177 27
3178 23
3179 35
3180 22
3181 31
3182 34
3183 31
3184 43
3185 16
3186 14
3187 22
3188 14
3189 18
3190 23
3191 21
3192 29
3193 19
3194 16
3195 26
3196 9
3197 9
3198 10
3199 26
3200 41
3201 17
3202 22
3203 34
3204 14
3205 47
3206 33
3207 46
3208 31
3209 47
3210 33
3211 31
3212 21
3213 31
3214 21
3215 37
3216 35
3217 36
3218 34
3219 47
3220 23
3221 24
3222 23
3223 42
3224 34
3225 35
3226 28
3227 30
3228 31
3229 29
3230 37
3231 19
3232 20
3233 32
3234 31
3235 34
3236 46
3237 45
3238 29
3239 45
3240 28
3241 34
3242 27
3243 28
3244 29
3245 28
3246 32
3247 40
3248 40
3249 28
3250 30
3251 24
3252 23
3253 25
3254 120
3255 53
3256 41
3257 41
3258 39
3259 30
3260 41
3261 29
3262 34
3263 55
3264 43
3265 41
3266 29
3267 31
3268 47
3269 34
3270 38
3271 44
3272 30
3273 32
3274 60
3275 42
3276 45
3277 44
3278 30
3279 34
3280 58
3281 40
3282 45
3283 39
3284 44
3285 35
3286 40
3287 27
3288 30
3289 46
3290 40
3291 30
3292 40
3293 36
3294 29
3295 39
3296 41
3297 34
3298 35
3299 44
3300 44
3301 50
3302 38
3303 49
3304 37
3305 45
3306 33
3307 44
3308 32
3309 63
3310 47
3311 60
3312 46
3313 64
3314 32
