0 13 22 27 35 41 47 53 55 59 71 76
0 13 22 27 35 42 46 52 55 60 72 75
0 13 22 27 36 41 45 53 54 61 69 78
0 13 22 27 36 42 44 52 54 62 70 77
0 13 22 27 37 39 47 51 57 59 70 77
0 13 22 27 37 40 45 50 57 61 72 75
0 13 22 27 38 39 46 51 56 60 69 78
0 13 22 27 38 40 44 50 56 62 71 76
0 13 23 26 35 40 48 53 56 58 71 76
0 13 23 26 35 42 46 51 56 60 73 74
0 13 23 26 36 39 48 52 57 58 70 77
0 13 23 26 36 41 45 50 57 61 73 74
0 13 23 26 37 40 45 53 54 61 68 79
0 13 23 26 37 42 43 51 54 63 70 77
0 13 23 26 38 39 46 52 55 60 68 79
0 13 23 26 38 41 43 50 55 63 71 76
0 13 24 25 35 40 48 52 57 58 72 75
0 13 24 25 35 41 47 51 57 59 73 74
0 13 24 25 36 39 48 53 56 58 69 78
0 13 24 25 36 42 44 50 56 62 73 74
0 13 24 25 37 39 47 53 55 59 68 79
0 13 24 25 37 42 43 50 55 63 72 75
0 13 24 25 38 40 44 52 54 62 68 79
0 13 24 25 38 41 43 51 54 63 69 78
0 14 19 27 34 44 47 53 56 58 71 76
0 14 19 27 34 45 46 52 57 58 72 75
0 14 19 27 36 41 45 52 54 62 67 80
0 14 19 27 36 42 44 53 54 61 66 81
0 14 19 27 37 39 47 51 56 60 67 80
0 14 19 27 37 42 43 49 60 61 72 75
0 14 19 27 38 39 46 51 57 59 66 81
0 14 19 27 38 41 43 49 59 62 71 76
0 14 20 26 34 43 48 53 55 59 71 76
0 14 20 26 34 45 46 51 57 59 73 74
0 14 20 26 36 39 48 52 55 60 67 80
0 14 20 26 36 42 44 49 60 61 73 74
0 14 20 26 37 40 45 51 54 63 67 80
0 14 20 26 37 42 43 53 54 61 65 82
0 14 20 26 38 39 46 52 57 58 65 82
0 14 20 26 38 40 44 49 58 63 71 76
0 14 21 25 34 43 48 52 55 60 72 75
0 14 21 25 34 44 47 51 56 60 73 74
0 14 21 25 36 39 48 53 55 59 66 81
0 14 21 25 36 41 45 49 59 62 73 74
0 14 21 25 37 39 47 53 56 58 65 82
0 14 21 25 37 40 45 49 58 63 72 75
0 14 21 25 38 40 44 51 54 63 66 81
0 14 21 25 38 41 43 52 54 62 65 82
0 15 18 27 34 44 47 52 57 58 70 77
0 15 18 27 34 45 46 53 56 58 69 78
0 15 18 27 35 41 47 52 55 60 67 80
0 15 18 27 35 42 46 53 55 59 66 81
0 15 18 27 37 40 45 50 56 62 67 80
0 15 18 27 37 42 43 49 59 62 70 77
0 15 18 27 38 40 44 50 57 61 66 81
0 15 18 27 38 41 43 49 60 61 69 78
0 15 20 24 34 43 48 53 54 61 69 78
0 15 20 24 34 44 47 50 57 61 73 74
0 15 20 24 35 40 48 52 54 62 67 80
0 15 20 24 35 42 46 49 59 62 73 74
0 15 20 24 37 39 47 50 55 63 67 80
0 15 20 24 37 42 43 53 55 59 64 83
0 15 20 24 38 39 46 49 58 63 69 78
0 15 20 24 38 40 44 52 57 58 64 83
0 15 21 23 34 43 48 52 54 62 70 77
0 15 21 23 34 45 46 50 56 62 73 74
0 15 21 23 35 40 48 53 54 61 66 81
0 15 21 23 35 41 47 49 60 61 73 74
0 15 21 23 37 39 47 49 58 63 70 77
0 15 21 23 37 40 45 53 56 58 64 83
0 15 21 23 38 39 46 50 55 63 66 81
0 15 21 23 38 41 43 52 55 60 64 83
0 16 18 26 34 43 48 51 57 59 70 77
0 16 18 26 34 45 46 53 55 59 68 79
0 16 18 26 35 40 48 51 56 60 67 80
0 16 18 26 35 42 46 53 56 58 65 82
0 16 18 26 36 41 45 50 55 63 67 80
0 16 18 26 36 42 44 49 58 63 70 77
0 16 18 26 38 40 44 49 60 61 68 79
0 16 18 26 38 41 43 50 57 61 65 82
0 16 19 24 34 43 48 50 57 61 72 75
0 16 19 24 34 44 47 53 54 61 68 79
0 16 19 24 35 41 47 51 54 63 67 80
0 16 19 24 35 42 46 49 58 63 72 75
0 16 19 24 36 39 48 50 56 62 67 80
0 16 19 24 36 42 44 53 56 58 64 83
0 16 19 24 38 39 46 49 59 62 68 79
0 16 19 24 38 41 43 51 57 59 64 83
0 16 21 22 34 44 47 51 54 63 70 77
0 16 21 22 34 45 46 50 55 63 72 75
0 16 21 22 35 40 48 49 60 61 72 75
0 16 21 22 35 41 47 53 54 61 65 82
0 16 21 22 36 39 48 49 59 62 70 77
0 16 21 22 36 41 45 53 55 59 64 83
0 16 21 22 38 39 46 50 56 62 65 82
0 16 21 22 38 40 44 51 56 60 64 83
0 17 18 25 34 43 48 51 56 60 69 78
0 17 18 25 34 44 47 52 55 60 68 79
0 17 18 25 35 40 48 51 57 59 66 81
0 17 18 25 35 41 47 52 57 58 65 82
0 17 18 25 36 41 45 49 58 63 69 78
0 17 18 25 36 42 44 50 55 63 66 81
0 17 18 25 37 40 45 49 59 62 68 79
0 17 18 25 37 42 43 50 56 62 65 82
0 17 19 23 34 43 48 50 56 62 71 76
0 17 19 23 34 45 46 52 54 62 68 79
0 17 19 23 35 41 47 49 58 63 71 76
0 17 19 23 35 42 46 51 54 63 66 81
0 17 19 23 36 39 48 50 57 61 66 81
0 17 19 23 36 41 45 52 57 58 64 83
0 17 19 23 37 39 47 49 60 61 68 79
0 17 19 23 37 42 43 51 56 60 64 83
0 17 20 22 34 44 47 50 55 63 71 76
0 17 20 22 34 45 46 51 54 63 69 78
0 17 20 22 35 40 48 49 59 62 71 76
0 17 20 22 35 42 46 52 54 62 65 82
0 17 20 22 36 39 48 49 60 61 69 78
0 17 20 22 36 42 44 52 55 60 64 83
0 17 20 22 37 39 47 50 57 61 65 82
0 17 20 22 37 40 45 51 57 59 64 83
1 8 22 27 30 41 47 53 61 65 69 76
1 8 22 27 30 42 46 52 62 65 70 75
1 8 22 27 31 41 45 53 59 64 71 78
1 8 22 27 31 42 44 52 60 64 72 77
1 8 22 27 32 39 47 51 60 67 69 77
1 8 22 27 32 40 45 50 62 67 71 75
1 8 22 27 33 39 46 51 59 66 70 78
1 8 22 27 33 40 44 50 61 66 72 76
1 8 23 26 30 40 48 53 61 66 68 76
1 8 23 26 30 42 46 51 63 66 70 74
1 8 23 26 31 39 48 52 60 67 68 77
1 8 23 26 31 41 45 50 63 67 71 74
1 8 23 26 32 40 45 53 58 64 71 79
1 8 23 26 32 42 43 51 60 64 73 77
1 8 23 26 33 39 46 52 58 65 70 79
1 8 23 26 33 41 43 50 61 65 73 76
1 8 24 25 30 40 48 52 62 67 68 75
1 8 24 25 30 41 47 51 63 67 69 74
1 8 24 25 31 39 48 53 59 66 68 78
1 8 24 25 31 42 44 50 63 66 72 74
1 8 24 25 32 39 47 53 58 65 69 79
1 8 24 25 32 42 43 50 62 65 73 75
1 8 24 25 33 40 44 52 58 64 72 79
1 8 24 25 33 41 43 51 59 64 73 78
1 9 19 27 29 44 47 53 61 66 68 76
1 9 19 27 29 45 46 52 62 67 68 75
1 9 19 27 31 41 45 52 57 64 72 80
1 9 19 27 31 42 44 53 56 64 71 81
1 9 19 27 32 39 47 51 57 66 70 80
1 9 19 27 32 42 43 49 62 70 71 75
1 9 19 27 33 39 46 51 56 67 69 81
1 9 19 27 33 41 43 49 61 69 72 76
1 9 20 26 29 43 48 53 61 65 69 76
1 9 20 26 29 45 46 51 63 67 69 74
1 9 20 26 31 39 48 52 57 65 70 80
1 9 20 26 31 42 44 49 63 70 71 74
1 9 20 26 32 40 45 51 57 64 73 80
1 9 20 26 32 42 43 53 55 64 71 82
1 9 20 26 33 39 46 52 55 67 68 82
1 9 20 26 33 40 44 49 61 68 73 76
1 9 21 25 29 43 48 52 62 65 70 75
1 9 21 25 29 44 47 51 63 66 70 74
1 9 21 25 31 39 48 53 56 65 69 81
1 9 21 25 31 41 45 49 63 69 72 74
1 9 21 25 32 39 47 53 55 66 68 82
1 9 21 25 32 40 45 49 62 68 73 75
1 9 21 25 33 40 44 51 56 64 73 81
1 9 21 25 33 41 43 52 55 64 72 82
1 10 18 27 29 44 47 52 60 67 68 77
1 10 18 27 29 45 46 53 59 66 68 78
1 10 18 27 30 41 47 52 57 65 70 80
1 10 18 27 30 42 46 53 56 65 69 81
1 10 18 27 32 40 45 50 57 66 72 80
1 10 18 27 32 42 43 49 60 69 72 77
1 10 18 27 33 40 44 50 56 67 71 81
1 10 18 27 33 41 43 49 59 70 71 78
1 10 20 24 29 43 48 53 59 64 71 78
1 10 20 24 29 44 47 50 63 67 71 74
1 10 20 24 30 40 48 52 57 64 72 80
1 10 20 24 30 42 46 49 63 69 72 74
1 10 20 24 32 39 47 50 57 65 73 80
1 10 20 24 32 42 43 53 54 65 69 83
1 10 20 24 33 39 46 49 59 68 73 78
1 10 20 24 33 40 44 52 54 67 68 83
1 10 21 23 29 43 48 52 60 64 72 77
1 10 21 23 29 45 46 50 63 66 72 74
1 10 21 23 30 40 48 53 56 64 71 81
1 10 21 23 30 41 47 49 63 70 71 74
1 10 21 23 32 39 47 49 60 68 73 77
1 10 21 23 32 40 45 53 54 66 68 83
1 10 21 23 33 39 46 50 56 65 73 81
1 10 21 23 33 41 43 52 54 65 70 83
1 11 18 26 29 43 48 51 60 67 69 77
1 11 18 26 29 45 46 53 58 65 69 79
1 11 18 26 30 40 48 51 57 66 70 80
1 11 18 26 30 42 46 53 55 66 68 82
1 11 18 26 31 41 45 50 57 65 73 80
1 11 18 26 31 42 44 49 60 68 73 77
1 11 18 26 33 40 44 49 58 70 71 79
1 11 18 26 33 41 43 50 55 67 71 82
1 11 19 24 29 43 48 50 62 67 71 75
1 11 19 24 29 44 47 53 58 64 71 79
1 11 19 24 30 41 47 51 57 64 73 80
1 11 19 24 30 42 46 49 62 68 73 75
1 11 19 24 31 39 48 50 57 66 72 80
1 11 19 24 31 42 44 53 54 66 68 83
1 11 19 24 33 39 46 49 58 69 72 79
1 11 19 24 33 41 43 51 54 67 69 83
1 11 21 22 29 44 47 51 60 64 73 77
1 11 21 22 29 45 46 50 62 65 73 75
1 11 21 22 30 40 48 49 62 70 71 75
1 11 21 22 30 41 47 53 55 64 71 82
1 11 21 22 31 39 48 49 60 69 72 77
1 11 21 22 31 41 45 53 54 65 69 83
1 11 21 22 33 39 46 50 55 66 72 82
1 11 21 22 33 40 44 51 54 66 70 83
1 12 18 25 29 43 48 51 59 66 70 78
1 12 18 25 29 44 47 52 58 65 70 79
1 12 18 25 30 40 48 51 56 67 69 81
1 12 18 25 30 41 47 52 55 67 68 82
1 12 18 25 31 41 45 49 59 68 73 78
1 12 18 25 31 42 44 50 56 65 73 81
1 12 18 25 32 40 45 49 58 69 72 79
1 12 18 25 32 42 43 50 55 66 72 82
1 12 19 23 29 43 48 50 61 66 72 76
1 12 19 23 29 45 46 52 58 64 72 79
1 12 19 23 30 41 47 49 61 68 73 76
1 12 19 23 30 42 46 51 56 64 73 81
1 12 19 23 31 39 48 50 56 67 71 81
1 12 19 23 31 41 45 52 54 67 68 83
1 12 19 23 32 39 47 49 58 70 71 79
1 12 19 23 32 42 43 51 54 66 70 83
1 12 20 22 29 44 47 50 61 65 73 76
1 12 20 22 29 45 46 51 59 64 73 78
1 12 20 22 30 40 48 49 61 69 72 76
1 12 20 22 30 42 46 52 55 64 72 82
1 12 20 22 31 39 48 49 59 70 71 78
1 12 20 22 31 42 44 52 54 65 70 83
1 12 20 22 32 39 47 50 55 67 71 82
1 12 20 22 32 40 45 51 54 67 69 83
2 7 22 27 30 37 47 57 61 65 70 75
2 7 22 27 30 38 46 56 62 65 69 76
2 7 22 27 31 37 45 57 59 64 72 77
2 7 22 27 31 38 44 56 60 64 71 78
2 7 22 27 32 35 47 55 60 67 71 75
2 7 22 27 32 36 45 54 62 67 69 77
2 7 22 27 33 35 46 55 59 66 72 76
2 7 22 27 33 36 44 54 61 66 70 78
2 7 23 26 30 36 48 57 61 66 70 74
2 7 23 26 30 38 46 55 63 66 68 76
2 7 23 26 31 35 48 56 60 67 71 74
2 7 23 26 31 37 45 54 63 67 68 77
2 7 23 26 32 36 45 57 58 64 73 77
2 7 23 26 32 38 43 55 60 64 71 79
2 7 23 26 33 35 46 56 58 65 73 76
2 7 23 26 33 37 43 54 61 65 70 79
2 7 24 25 30 36 48 56 62 67 69 74
2 7 24 25 30 37 47 55 63 67 68 75
2 7 24 25 31 35 48 57 59 66 72 74
2 7 24 25 31 38 44 54 63 66 68 78
2 7 24 25 32 35 47 57 58 65 73 75
2 7 24 25 32 38 43 54 62 65 69 79
2 7 24 25 33 36 44 56 58 64 73 78
2 7 24 25 33 37 43 55 59 64 72 79
2 9 15 27 28 44 47 57 61 66 70 74
2 9 15 27 28 45 46 56 62 67 69 74
2 9 15 27 31 37 45 53 56 64 78 80
2 9 15 27 31 38 44 52 57 64 77 81
2 9 15 27 32 35 47 53 55 66 76 80
2 9 15 27 32 38 43 49 62 69 76 77
2 9 15 27 33 35 46 52 55 67 75 81
2 9 15 27 33 37 43 49 61 70 75 78
2 9 16 26 28 43 48 57 61 65 70 75
2 9 16 26 28 45 46 55 63 67 68 75
2 9 16 26 31 35 48 53 56 65 76 80
2 9 16 26 31 38 44 49 63 68 76 77
2 9 16 26 32 36 45 53 55 64 79 80
2 9 16 26 32 38 43 51 57 64 77 82
2 9 16 26 33 35 46 51 56 67 74 82
2 9 16 26 33 36 44 49 61 70 74 79
2 9 17 25 28 43 48 56 62 65 69 76
2 9 17 25 28 44 47 55 63 66 68 76
2 9 17 25 31 35 48 52 57 65 75 81
2 9 17 25 31 37 45 49 63 68 75 78
2 9 17 25 32 35 47 51 57 66 74 82
2 9 17 25 32 36 45 49 62 69 74 79
2 9 17 25 33 36 44 52 55 64 79 81
2 9 17 25 33 37 43 51 56 64 78 82
2 10 14 27 28 44 47 56 60 67 71 74
2 10 14 27 28 45 46 57 59 66 72 74
2 10 14 27 30 37 47 53 56 65 76 80
2 10 14 27 30 38 46 52 57 65 75 81
2 10 14 27 32 36 45 53 54 66 78 80
2 10 14 27 32 38 43 49 60 71 75 78
2 10 14 27 33 36 44 52 54 67 77 81
2 10 14 27 33 37 43 49 59 72 76 77
2 10 16 24 28 43 48 57 59 64 72 77
2 10 16 24 28 44 47 54 63 67 68 77
2 10 16 24 30 36 48 53 56 64 78 80
2 10 16 24 30 38 46 49 63 68 75 78
2 10 16 24 32 35 47 53 54 65 79 80
2 10 16 24 32 38 43 50 57 65 75 83
2 10 16 24 33 35 46 49 59 72 74 79
2 10 16 24 33 36 44 50 56 67 74 83
2 10 17 23 28 43 48 56 60 64 71 78
2 10 17 23 28 45 46 54 63 66 68 78
2 10 17 23 30 36 48 52 57 64 77 81
2 10 17 23 30 37 47 49 63 68 76 77
2 10 17 23 32 35 47 49 60 71 74 79
2 10 17 23 32 36 45 50 57 66 74 83
2 10 17 23 33 35 46 52 54 65 79 81
2 10 17 23 33 37 43 50 56 65 76 83
2 11 14 26 28 43 48 55 60 67 71 75
2 11 14 26 28 45 46 57 58 65 73 75
2 11 14 26 30 36 48 53 55 66 76 80
2 11 14 26 30 38 46 51 57 66 74 82
2 11 14 26 31 37 45 53 54 65 79 80
2 11 14 26 31 38 44 49 60 71 74 79
2 11 14 26 33 36 44 49 58 73 76 77
2 11 14 26 33 37 43 51 54 67 77 82
2 11 15 24 28 43 48 54 62 67 69 77
2 11 15 24 28 44 47 57 58 64 73 77
2 11 15 24 30 37 47 53 55 64 79 80
2 11 15 24 30 38 46 49 62 69 74 79
2 11 15 24 31 35 48 53 54 66 78 80
2 11 15 24 31 38 44 50 57 66 74 83
2 11 15 24 33 35 46 49 58 73 75 78
2 11 15 24 33 37 43 50 55 67 75 83
2 11 17 22 28 44 47 55 60 64 71 79
2 11 17 22 28 45 46 54 62 65 69 79
2 11 17 22 30 36 48 49 62 69 76 77
2 11 17 22 30 37 47 51 57 64 77 82
2 11 17 22 31 35 48 49 60 71 75 78
2 11 17 22 31 37 45 50 57 65 75 83
2 11 17 22 33 35 46 51 54 66 78 82
2 11 17 22 33 36 44 50 55 66 76 83
2 12 14 25 28 43 48 55 59 66 72 76
2 12 14 25 28 44 47 56 58 65 73 76
2 12 14 25 30 36 48 52 55 67 75 81
2 12 14 25 30 37 47 51 56 67 74 82
2 12 14 25 31 37 45 49 59 72 74 79
2 12 14 25 31 38 44 52 54 65 79 81
2 12 14 25 32 36 45 49 58 73 75 78
2 12 14 25 32 38 43 51 54 66 78 82
2 12 15 23 28 43 48 54 61 66 70 78
2 12 15 23 28 45 46 56 58 64 73 78
2 12 15 23 30 37 47 49 61 70 74 79
2 12 15 23 30 38 46 52 55 64 79 81
2 12 15 23 31 35 48 52 54 67 77 81
2 12 15 23 31 37 45 50 56 67 74 83
2 12 15 23 32 35 47 49 58 73 76 77
2 12 15 23 32 38 43 50 55 66 76 83
2 12 16 22 28 44 47 54 61 65 70 79
2 12 16 22 28 45 46 55 59 64 72 79
2 12 16 22 30 36 48 49 61 70 75 78
2 12 16 22 30 38 46 51 56 64 78 82
2 12 16 22 31 35 48 49 59 72 76 77
2 12 16 22 31 38 44 50 56 65 76 83
2 12 16 22 32 35 47 51 54 67 77 82
2 12 16 22 32 36 45 50 55 67 75 83
3 7 19 27 29 37 47 60 61 67 68 75
3 7 19 27 29 38 46 59 62 66 68 76
3 7 19 27 31 37 42 56 60 64 72 80
3 7 19 27 31 38 41 57 59 64 71 81
3 7 19 27 32 34 47 57 58 70 71 75
3 7 19 27 32 36 42 54 62 66 70 80
3 7 19 27 33 34 46 56 58 69 72 76
3 7 19 27 33 36 41 54 61 67 69 81
3 7 20 26 29 36 48 60 61 67 69 74
3 7 20 26 29 38 46 58 63 65 69 76
3 7 20 26 31 34 48 57 59 70 71 74
3 7 20 26 31 37 42 54 63 65 70 80
3 7 20 26 32 36 42 55 60 64 73 80
3 7 20 26 32 38 40 57 58 64 71 82
3 7 20 26 33 34 46 55 59 68 73 76
3 7 20 26 33 37 40 54 61 67 68 82
3 7 21 25 29 36 48 59 62 66 70 74
3 7 21 25 29 37 47 58 63 65 70 75
3 7 21 25 31 34 48 56 60 69 72 74
3 7 21 25 31 38 41 54 63 65 69 81
3 7 21 25 32 34 47 55 60 68 73 75
3 7 21 25 32 38 40 54 62 66 68 82
3 7 21 25 33 36 41 55 59 64 73 81
3 7 21 25 33 37 40 56 58 64 72 82
3 8 15 27 28 41 47 60 61 67 69 74
3 8 15 27 28 42 46 59 62 66 70 74
3 8 15 27 31 37 42 53 59 64 77 81
3 8 15 27 31 38 41 52 60 64 78 80
3 8 15 27 32 34 47 53 58 69 76 77
3 8 15 27 32 38 40 50 62 66 76 80
3 8 15 27 33 34 46 52 58 70 75 78
3 8 15 27 33 37 40 50 61 67 75 81
3 8 16 26 28 40 48 60 61 67 68 75
3 8 16 26 28 42 46 58 63 65 70 75
3 8 16 26 31 34 48 53 59 68 76 77
3 8 16 26 31 38 41 50 63 65 76 80
3 8 16 26 32 36 42 53 58 64 77 82
3 8 16 26 32 38 40 51 60 64 79 80
3 8 16 26 33 34 46 51 59 70 74 79
3 8 16 26 33 36 41 50 61 67 74 82
3 8 17 25 28 40 48 59 62 66 68 76
3 8 17 25 28 41 47 58 63 65 69 76
3 8 17 25 31 34 48 52 60 68 75 78
3 8 17 25 31 37 42 50 63 65 75 81
3 8 17 25 32 34 47 51 60 69 74 79
3 8 17 25 32 36 42 50 62 66 74 82
3 8 17 25 33 36 41 52 58 64 78 82
3 8 17 25 33 37 40 51 59 64 79 81
3 10 13 27 28 41 47 57 59 70 71 74
3 10 13 27 28 42 46 56 60 69 72 74
3 10 13 27 29 37 47 53 59 68 76 77
3 10 13 27 29 38 46 52 60 68 75 78
3 10 13 27 32 36 42 53 54 69 77 81
3 10 13 27 32 38 40 50 57 71 75 81
3 10 13 27 33 36 41 52 54 70 78 80
3 10 13 27 33 37 40 50 56 72 76 80
3 10 16 21 28 40 48 56 60 64 72 80
3 10 16 21 28 41 47 54 63 65 70 80
3 10 16 21 29 36 48 53 59 64 77 81
3 10 16 21 29 38 46 50 63 65 75 81
3 10 16 21 32 34 47 53 54 68 77 82
3 10 16 21 32 38 40 49 60 68 75 83
3 10 16 21 33 34 46 50 56 72 74 82
3 10 16 21 33 36 41 49 59 70 74 83
3 10 17 20 28 40 48 57 59 64 71 81
3 10 17 20 28 42 46 54 63 65 69 81
3 10 17 20 29 36 48 52 60 64 78 80
3 10 17 20 29 37 47 50 63 65 76 80
3 10 17 20 32 34 47 50 57 71 74 82
3 10 17 20 32 36 42 49 60 69 74 83
3 10 17 20 33 34 46 52 54 68 78 82
3 10 17 20 33 37 40 49 59 68 76 83
3 11 13 26 28 40 48 57 58 70 71 75
3 11 13 26 28 42 46 55 60 68 73 75
3 11 13 26 29 36 48 53 58 69 76 77
3 11 13 26 29 38 46 51 60 69 74 79
3 11 13 26 31 37 42 53 54 68 77 82
3 11 13 26 31 38 41 50 57 71 74 82
3 11 13 26 33 36 41 50 55 73 76 80
3 11 13 26 33 37 40 51 54 70 79 80
3 11 15 21 28 40 48 54 62 66 70 80
3 11 15 21 28 41 47 55 60 64 73 80
3 11 15 21 29 37 47 53 58 64 77 82
3 11 15 21 29 38 46 50 62 66 74 82
3 11 15 21 31 34 48 53 54 69 77 81
3 11 15 21 31 38 41 49 60 69 74 83
3 11 15 21 33 34 46 50 55 73 75 81
3 11 15 21 33 37 40 49 58 70 75 83
3 11 17 19 28 41 47 57 58 64 71 82
3 11 17 19 28 42 46 54 62 66 68 82
3 11 17 19 29 36 48 50 62 66 76 80
3 11 17 19 29 37 47 51 60 64 79 80
3 11 17 19 31 34 48 50 57 71 75 81
3 11 17 19 31 37 42 49 60 68 75 83
3 11 17 19 33 34 46 51 54 69 79 81
3 11 17 19 33 36 41 49 58 69 76 83
3 12 13 25 28 40 48 56 58 69 72 76
3 12 13 25 28 41 47 55 59 68 73 76
3 12 13 25 29 36 48 52 58 70 75 78
3 12 13 25 29 37 47 51 59 70 74 79
3 12 13 25 31 37 42 50 56 72 74 82
3 12 13 25 31 38 41 52 54 68 78 82
3 12 13 25 32 36 42 50 55 73 75 81
3 12 13 25 32 38 40 51 54 69 79 81
3 12 15 20 28 40 48 54 61 67 69 81
3 12 15 20 28 42 46 55 59 64 73 81
3 12 15 20 29 37 47 50 61 67 74 82
3 12 15 20 29 38 46 52 58 64 78 82
3 12 15 20 31 34 48 52 54 70 78 80
3 12 15 20 31 37 42 49 59 70 74 83
3 12 15 20 32 34 47 50 55 73 76 80
3 12 15 20 32 38 40 49 58 69 76 83
3 12 16 19 28 41 47 54 61 67 68 82
3 12 16 19 28 42 46 56 58 64 72 82
3 12 16 19 29 36 48 50 61 67 75 81
3 12 16 19 29 38 46 51 59 64 79 81
3 12 16 19 31 34 48 50 56 72 76 80
3 12 16 19 31 38 41 49 59 68 76 83
3 12 16 19 32 34 47 51 54 70 79 80
3 12 16 19 32 36 42 49 58 70 75 83
4 7 18 27 29 37 45 59 62 67 68 77
4 7 18 27 29 38 44 60 61 66 68 78
4 7 18 27 30 37 42 56 62 65 70 80
4 7 18 27 30 38 41 57 61 65 69 81
4 7 18 27 32 34 45 57 58 69 72 77
4 7 18 27 32 35 42 55 60 66 72 80
4 7 18 27 33 34 44 56 58 70 71 78
4 7 18 27 33 35 41 55 59 67 71 81
4 7 20 24 29 35 48 59 62 67 71 74
4 7 20 24 29 38 44 58 63 64 71 78
4 7 20 24 30 34 48 57 61 69 72 74
4 7 20 24 30 37 42 55 63 64 72 80
4 7 20 24 32 35 42 54 62 65 73 80
4 7 20 24 32 38 39 57 58 65 69 83
4 7 20 24 33 34 44 54 61 68 73 78
4 7 20 24 33 37 39 55 59 67 68 83
4 7 21 23 29 35 48 60 61 66 72 74
4 7 21 23 29 37 45 58 63 64 72 77
4 7 21 23 30 34 48 56 62 70 71 74
4 7 21 23 30 38 41 55 63 64 71 81
4 7 21 23 32 34 45 54 62 68 73 77
4 7 21 23 32 38 39 55 60 66 68 83
4 7 21 23 33 35 41 54 61 65 73 81
4 7 21 23 33 37 39 56 58 65 70 83
4 8 14 27 28 41 45 59 62 67 71 74
4 8 14 27 28 42 44 60 61 66 72 74
4 8 14 27 30 37 42 53 61 65 75 81
4 8 14 27 30 38 41 52 62 65 76 80
4 8 14 27 32 34 45 53 58 71 75 78
4 8 14 27 32 38 39 51 60 66 78 80
4 8 14 27 33 34 44 52 58 72 76 77
4 8 14 27 33 37 39 51 59 67 77 81
4 8 16 24 28 39 48 59 62 67 68 77
4 8 16 24 28 42 44 58 63 64 72 77
4 8 16 24 30 34 48 53 61 68 75 78
4 8 16 24 30 38 41 51 63 64 78 80
4 8 16 24 32 35 42 53 58 65 75 83
4 8 16 24 32 38 39 50 62 65 79 80
4 8 16 24 33 34 44 50 61 72 74 79
4 8 16 24 33 35 41 51 59 67 74 83
4 8 17 23 28 39 48 60 61 66 68 78
4 8 17 23 28 41 45 58 63 64 71 78
4 8 17 23 30 34 48 52 62 68 76 77
4 8 17 23 30 37 42 51 63 64 77 81
4 8 17 23 32 34 45 50 62 71 74 79
4 8 17 23 32 35 42 51 60 66 74 83
4 8 17 23 33 35 41 52 58 65 76 83
4 8 17 23 33 37 39 50 61 65 79 81
4 9 13 27 28 41 45 57 61 69 72 74
4 9 13 27 28 42 44 56 62 70 71 74
4 9 13 27 29 37 45 53 61 68 75 78
4 9 13 27 29 38 44 52 62 68 76 77
4 9 13 27 32 35 42 53 55 71 75 81
4 9 13 27 32 38 39 51 57 69 77 81
4 9 13 27 33 35 41 52 55 72 76 80
4 9 13 27 33 37 39 51 56 70 78 80
4 9 16 21 28 39 48 56 62 65 70 80
4 9 16 21 28 41 45 55 63 64 72 80
4 9 16 21 29 35 48 53 61 65 75 81
4 9 16 21 29 38 44 51 63 64 77 81
4 9 16 21 32 34 45 53 55 68 75 83
4 9 16 21 32 38 39 49 62 68 77 82
4 9 16 21 33 34 44 51 56 70 74 83
4 9 16 21 33 35 41 49 61 72 74 82
4 9 17 20 28 39 48 57 61 65 69 81
4 9 17 20 28 42 44 55 63 64 71 81
4 9 17 20 29 35 48 52 62 65 76 80
4 9 17 20 29 37 45 51 63 64 78 80
4 9 17 20 32 34 45 51 57 69 74 83
4 9 17 20 32 35 42 49 62 71 74 82
4 9 17 20 33 34 44 52 55 68 76 83
4 9 17 20 33 37 39 49 61 68 78 82
4 11 13 24 28 39 48 57 58 69 72 77
4 11 13 24 28 42 44 54 62 68 73 77
4 11 13 24 29 35 48 53 58 71 75 78
4 11 13 24 29 38 44 50 62 71 74 79
4 11 13 24 30 37 42 53 55 68 75 83
4 11 13 24 30 38 41 51 57 69 74 83
4 11 13 24 33 35 41 51 54 73 78 80
4 11 13 24 33 37 39 50 55 72 79 80
4 11 14 21 28 39 48 55 60 66 72 80
4 11 14 21 28 41 45 54 62 65 73 80
4 11 14 21 29 37 45 53 58 65 75 83
4 11 14 21 29 38 44 51 60 66 74 83
4 11 14 21 30 34 48 53 55 71 75 81
4 11 14 21 30 38 41 49 62 71 74 82
4 11 14 21 33 34 44 51 54 73 77 81
4 11 14 21 33 37 39 49 58 72 77 82
4 11 17 18 28 41 45 57 58 65 69 83
4 11 17 18 28 42 44 55 60 66 68 83
4 11 17 18 29 35 48 51 60 66 78 80
4 11 17 18 29 37 45 50 62 65 79 80
4 11 17 18 30 34 48 51 57 69 77 81
4 11 17 18 30 37 42 49 62 68 77 82
4 11 17 18 33 34 44 50 55 71 79 81
4 11 17 18 33 35 41 49 58 71 78 82
4 12 13 23 28 39 48 56 58 70 71 78
4 12 13 23 28 41 45 54 61 68 73 78
4 12 13 23 29 35 48 52 58 72 76 77
4 12 13 23 29 37 45 50 61 72 74 79
4 12 13 23 30 37 42 51 56 70 74 83
4 12 13 23 30 38 41 52 55 68 76 83
4 12 13 23 32 35 42 51 54 73 77 81
4 12 13 23 32 38 39 50 55 71 79 81
4 12 14 20 28 39 48 55 59 67 71 81
4 12 14 20 28 42 44 54 61 65 73 81
4 12 14 20 29 37 45 51 59 67 74 83
4 12 14 20 29 38 44 52 58 65 76 83
4 12 14 20 30 34 48 52 55 72 76 80
4 12 14 20 30 37 42 49 61 72 74 82
4 12 14 20 32 34 45 51 54 73 78 80
4 12 14 20 32 38 39 49 58 71 78 82
4 12 16 18 28 41 45 55 59 67 68 83
4 12 16 18 28 42 44 56 58 65 70 83
4 12 16 18 29 35 48 51 59 67 77 81
4 12 16 18 29 38 44 50 61 65 79 81
4 12 16 18 30 34 48 51 56 70 78 80
4 12 16 18 30 38 41 49 61 68 78 82
4 12 16 18 32 34 45 50 55 72 79 80
4 12 16 18 32 35 42 49 58 72 77 82
5 7 18 26 29 36 45 58 63 67 69 77
5 7 18 26 29 38 43 60 61 65 69 79
5 7 18 26 30 36 42 55 63 66 70 80
5 7 18 26 30 38 40 57 61 66 68 82
5 7 18 26 31 34 45 57 59 68 73 77
5 7 18 26 31 35 42 56 60 65 73 80
5 7 18 26 33 34 43 55 59 70 71 79
5 7 18 26 33 35 40 56 58 67 71 82
5 7 19 24 29 35 47 58 63 67 71 75
5 7 19 24 29 38 43 59 62 64 71 79
5 7 19 24 30 34 47 57 61 68 73 75
5 7 19 24 30 36 42 56 62 64 73 80
5 7 19 24 31 35 42 54 63 66 72 80
5 7 19 24 31 38 39 57 59 66 68 83
5 7 19 24 33 34 43 54 61 69 72 79
5 7 19 24 33 36 39 56 58 67 69 83
5 7 21 22 29 35 47 60 61 65 73 75
5 7 21 22 29 36 45 59 62 64 73 77
5 7 21 22 30 34 47 55 63 70 71 75
5 7 21 22 30 38 40 56 62 64 71 82
5 7 21 22 31 34 45 54 63 69 72 77
5 7 21 22 31 38 39 56 60 65 69 83
5 7 21 22 33 35 40 54 61 66 72 82
5 7 21 22 33 36 39 55 59 66 70 83
5 8 14 26 28 40 45 58 63 67 71 75
5 8 14 26 28 42 43 60 61 65 73 75
5 8 14 26 30 36 42 53 61 66 74 82
5 8 14 26 30 38 40 51 63 66 76 80
5 8 14 26 31 34 45 53 59 71 74 79
5 8 14 26 31 38 39 52 60 65 79 80
5 8 14 26 33 34 43 51 59 73 76 77
5 8 14 26 33 36 39 52 58 67 77 82
5 8 15 24 28 39 47 58 63 67 69 77
5 8 15 24 28 42 43 59 62 64 73 77
5 8 15 24 30 34 47 53 61 69 74 79
5 8 15 24 30 38 40 52 62 64 79 80
5 8 15 24 31 35 42 53 59 66 74 83
5 8 15 24 31 38 39 50 63 66 78 80
5 8 15 24 33 34 43 50 61 73 75 78
5 8 15 24 33 35 40 52 58 67 75 83
5 8 17 22 28 39 47 60 61 65 69 79
5 8 17 22 28 40 45 59 62 64 71 79
5 8 17 22 30 34 47 51 63 69 76 77
5 8 17 22 30 36 42 52 62 64 77 82
5 8 17 22 31 34 45 50 63 71 75 78
5 8 17 22 31 35 42 52 60 65 75 83
5 8 17 22 33 35 40 51 59 66 76 83
5 8 17 22 33 36 39 50 61 66 78 82
5 9 13 26 28 40 45 57 61 68 73 75
5 9 13 26 28 42 43 55 63 70 71 75
5 9 13 26 29 36 45 53 61 69 74 79
5 9 13 26 29 38 43 51 63 69 76 77
5 9 13 26 31 35 42 53 56 71 74 82
5 9 13 26 31 38 39 52 57 68 77 82
5 9 13 26 33 35 40 51 56 73 76 80
5 9 13 26 33 36 39 52 55 70 79 80
5 9 15 21 28 39 47 55 63 66 70 80
5 9 15 21 28 40 45 56 62 64 73 80
5 9 15 21 29 35 47 53 61 66 74 82
5 9 15 21 29 38 43 52 62 64 77 82
5 9 15 21 31 34 45 53 56 69 74 83
5 9 15 21 31 38 39 49 63 69 77 81
5 9 15 21 33 34 43 52 55 70 75 83
5 9 15 21 33 35 40 49 61 73 75 81
5 9 17 19 28 39 47 57 61 66 68 82
5 9 17 19 28 42 43 56 62 64 71 82
5 9 17 19 29 35 47 51 63 66 76 80
5 9 17 19 29 36 45 52 62 64 79 80
5 9 17 19 31 34 45 52 57 68 75 83
5 9 17 19 31 35 42 49 63 71 75 81
5 9 17 19 33 34 43 51 56 69 76 83
5 9 17 19 33 36 39 49 61 69 79 81
5 10 13 24 28 39 47 57 59 68 73 77
5 10 13 24 28 42 43 54 63 69 72 77
5 10 13 24 29 35 47 53 59 71 74 79
5 10 13 24 29 38 43 50 63 71 75 78
5 10 13 24 30 36 42 53 56 69 74 83
5 10 13 24 30 38 40 52 57 68 75 83
5 10 13 24 33 35 40 52 54 72 79 80
5 10 13 24 33 36 39 50 56 73 78 80
5 10 14 21 28 39 47 56 60 65 73 80
5 10 14 21 28 40 45 54 63 66 72 80
5 10 14 21 29 36 45 53 59 66 74 83
5 10 14 21 29 38 43 52 60 65 75 83
5 10 14 21 30 34 47 53 56 71 74 82
5 10 14 21 30 38 40 49 63 71 75 81
5 10 14 21 33 34 43 52 54 72 77 82
5 10 14 21 33 36 39 49 59 73 77 81
5 10 17 18 28 40 45 57 59 66 68 83
5 10 17 18 28 42 43 56 60 65 69 83
5 10 17 18 29 35 47 52 60 65 79 80
5 10 17 18 29 36 45 50 63 66 78 80
5 10 17 18 30 34 47 52 57 68 77 82
5 10 17 18 30 36 42 49 63 69 77 81
5 10 17 18 33 34 43 50 56 71 78 82
5 10 17 18 33 35 40 49 59 71 79 81
5 12 13 22 28 39 47 55 59 70 71 79
5 12 13 22 28 40 45 54 61 69 72 79
5 12 13 22 29 35 47 51 59 73 76 77
5 12 13 22 29 36 45 50 61 73 75 78
5 12 13 22 30 36 42 52 55 70 75 83
5 12 13 22 30 38 40 51 56 69 76 83
5 12 13 22 31 35 42 52 54 72 77 82
5 12 13 22 31 38 39 50 56 71 78 82
5 12 14 19 28 39 47 56 58 67 71 82
5 12 14 19 28 42 43 54 61 66 72 82
5 12 14 19 29 36 45 52 58 67 75 83
5 12 14 19 29 38 43 51 59 66 76 83
5 12 14 19 30 34 47 51 56 73 76 80
5 12 14 19 30 36 42 49 61 73 75 81
5 12 14 19 31 34 45 52 54 72 79 80
5 12 14 19 31 38 39 49 59 71 79 81
5 12 15 18 28 40 45 56 58 67 69 83
5 12 15 18 28 42 43 55 59 66 70 83
5 12 15 18 29 35 47 52 58 67 77 82
5 12 15 18 29 38 43 50 61 66 78 82
5 12 15 18 30 34 47 52 55 70 79 80
5 12 15 18 30 38 40 49 61 69 79 81
5 12 15 18 31 34 45 50 56 73 78 80
5 12 15 18 31 35 42 49 59 73 77 81
6 7 18 25 29 36 44 58 63 66 70 78
6 7 18 25 29 37 43 59 62 65 70 79
6 7 18 25 30 36 41 55 63 67 69 81
6 7 18 25 30 37 40 56 62 67 68 82
6 7 18 25 31 34 44 56 60 68 73 78
6 7 18 25 31 35 41 57 59 65 73 81
6 7 18 25 32 34 43 55 60 69 72 79
6 7 18 25 32 35 40 57 58 66 72 82
6 7 19 23 29 35 46 58 63 66 72 76
6 7 19 23 29 37 43 60 61 64 72 79
6 7 19 23 30 34 46 56 62 68 73 76
6 7 19 23 30 36 41 57 61 64 73 81
6 7 19 23 31 35 41 54 63 67 71 81
6 7 19 23 31 37 39 56 60 67 68 83
6 7 19 23 32 34 43 54 62 70 71 79
6 7 19 23 32 36 39 57 58 66 70 83
6 7 20 22 29 35 46 59 62 65 73 76
6 7 20 22 29 36 44 60 61 64 73 78
6 7 20 22 30 34 46 55 63 69 72 76
6 7 20 22 30 37 40 57 61 64 72 82
6 7 20 22 31 34 44 54 63 70 71 78
6 7 20 22 31 37 39 57 59 65 70 83
6 7 20 22 32 35 40 54 62 67 71 82
6 7 20 22 32 36 39 55 60 67 69 83
6 8 14 25 28 40 44 58 63 66 72 76
6 8 14 25 28 41 43 59 62 65 73 76
6 8 14 25 30 36 41 52 62 67 74 82
6 8 14 25 30 37 40 51 63 67 75 81
6 8 14 25 31 34 44 52 60 72 74 79
6 8 14 25 31 37 39 53 59 65 79 81
6 8 14 25 32 34 43 51 60 73 75 78
6 8 14 25 32 36 39 53 58 66 78 82
6 8 15 23 28 39 46 58 63 66 70 78
6 8 15 23 28 41 43 60 61 64 73 78
6 8 15 23 30 34 46 52 62 70 74 79
6 8 15 23 30 37 40 53 61 64 79 81
6 8 15 23 31 35 41 52 60 67 74 83
6 8 15 23 31 37 39 50 63 67 77 81
6 8 15 23 32 34 43 50 62 73 76 77
6 8 15 23 32 35 40 53 58 66 76 83
6 8 16 22 28 39 46 59 62 65 70 79
6 8 16 22 28 40 44 60 61 64 72 79
6 8 16 22 30 34 46 51 63 70 75 78
6 8 16 22 30 36 41 53 61 64 78 82
6 8 16 22 31 34 44 50 63 72 76 77
6 8 16 22 31 35 41 53 59 65 76 83
6 8 16 22 32 35 40 51 60 67 75 83
6 8 16 22 32 36 39 50 62 67 77 82
6 9 13 25 28 40 44 56 62 68 73 76
6 9 13 25 28 41 43 55 63 69 72 76
6 9 13 25 29 36 44 52 62 70 74 79
6 9 13 25 29 37 43 51 63 70 75 78
6 9 13 25 31 35 41 52 57 72 74 82
6 9 13 25 31 37 39 53 56 68 78 82
6 9 13 25 32 35 40 51 57 73 75 81
6 9 13 25 32 36 39 53 55 69 79 81
6 9 15 20 28 39 46 55 63 67 69 81
6 9 15 20 28 40 44 57 61 64 73 81
6 9 15 20 29 35 46 52 62 67 74 82
6 9 15 20 29 37 43 53 61 64 78 82
6 9 15 20 31 34 44 52 57 70 74 83
6 9 15 20 31 37 39 49 63 70 78 80
6 9 15 20 32 34 43 53 55 69 76 83
6 9 15 20 32 35 40 49 62 73 76 80
6 9 16 19 28 39 46 56 62 67 68 82
6 9 16 19 28 41 43 57 61 64 72 82
6 9 16 19 29 35 46 51 63 67 75 81
6 9 16 19 29 36 44 53 61 64 79 81
6 9 16 19 31 34 44 53 56 68 76 83
6 9 16 19 31 35 41 49 63 72 76 80
6 9 16 19 32 34 43 51 57 70 75 83
6 9 16 19 32 36 39 49 62 70 79 80
6 10 13 23 28 39 46 56 60 68 73 78
6 10 13 23 28 41 43 54 63 70 71 78
6 10 13 23 29 35 46 52 60 72 74 79
6 10 13 23 29 37 43 50 63 72 76 77
6 10 13 23 30 36 41 52 57 70 74 83
6 10 13 23 30 37 40 53 56 68 76 83
6 10 13 23 32 35 40 53 54 71 79 81
6 10 13 23 32 36 39 50 57 73 77 81
6 10 14 20 28 39 46 57 59 65 73 81
6 10 14 20 28 40 44 54 63 67 71 81
6 10 14 20 29 36 44 52 60 67 74 83
6 10 14 20 29 37 43 53 59 65 76 83
6 10 14 20 30 34 46 52 57 72 74 82
6 10 14 20 30 37 40 49 63 72 76 80
6 10 14 20 32 34 43 53 54 71 78 82
6 10 14 20 32 36 39 49 60 73 78 80
6 10 16 18 28 40 44 56 60 67 68 83
6 10 16 18 28 41 43 57 59 65 70 83
6 10 16 18 29 35 46 53 59 65 79 81
6 10 16 18 29 36 44 50 63 67 77 81
6 10 16 18 30 34 46 53 56 68 78 82
6 10 16 18 30 36 41 49 63 70 78 80
6 10 16 18 32 34 43 50 57 72 77 82
6 10 16 18 32 35 40 49 60 72 79 80
6 11 13 22 28 39 46 55 60 69 72 79
6 11 13 22 28 40 44 54 62 70 71 79
6 11 13 22 29 35 46 51 60 73 75 78
6 11 13 22 29 36 44 50 62 73 76 77
6 11 13 22 30 36 41 53 55 69 76 83
6 11 13 22 30 37 40 51 57 70 75 83
6 11 13 22 31 35 41 53 54 71 78 82
6 11 13 22 31 37 39 50 57 72 77 82
6 11 14 19 28 39 46 57 58 66 72 82
6 11 14 19 28 41 43 54 62 67 71 82
6 11 14 19 29 36 44 53 58 66 76 83
6 11 14 19 29 37 43 51 60 67 75 83
6 11 14 19 30 34 46 51 57 73 75 81
6 11 14 19 30 36 41 49 62 73 76 80
6 11 14 19 31 34 44 53 54 71 79 81
6 11 14 19 31 37 39 49 60 72 79 80
6 11 15 18 28 40 44 57 58 66 70 83
6 11 15 18 28 41 43 55 60 67 69 83
6 11 15 18 29 35 46 53 58 66 78 82
6 11 15 18 29 37 43 50 62 67 77 82
6 11 15 18 30 34 46 53 55 69 79 81
6 11 15 18 30 37 40 49 62 70 79 80
6 11 15 18 31 34 44 50 57 73 77 81
6 11 15 18 31 35 41 49 60 73 78 80
